10
50 1
96 91 11 73 -8 21 76 56 27 57 -8 -5 37 13 0 10 74 -8 49 17 21 38 73 -3 75 47 21 9 30 46 93 26 31 82 14 16 62 96 78 80 51 24 1 32 22 53 57 10 64 55
49 8 39 2 100 98 55 16 99 96 60 60 52 28 34 76 44 33 65 95 86 87 39 75 22 -8 1 81 3 80 15 77 23 77 83 25 38 25 65 53 62 90 36 55 61 56 29 45 17 43
73 87 -9 44 95 66 88 30 78 -6 -8 65 89 64 -8 64 100 4 11 46 15 96 69 36 5 7 75 98 36 -3 11 14 29 67 56 25 58 29 25 26 4 38 15 47 5 85 62 66 0 15
78 18 24 76 25 82 92 -4 54 5 96 53 44 83 37 38 18 38 61 88 96 93 80 38 39 97 86 50 85 84 24 64 28 76 3 40 59 87 45 96 90 -4 99 93 100 50 98 0 43 63
67 -7 24 4 55 80 91 59 35 85 47 81 56 84 4 -2 -3 52 53 43 12 26 83 62 23 15 0 70 54 -8 88 29 90 52 89 25 19 53 29 26 77 -5 42 90 79 52 45 77 79 1
13 38 42 56 64 48 24 28 78 52 54 7 80 31 68 35 27 48 60 43 74 80 96 34 65 88 91 9 52 65 51 37 80 7 68 62 59 -4 -4 54 99 51 18 10 4 6 24 6 44 6
52 58 90 72 49 26 94 82 10 96 69 -8 44 -6 32 62 7 45 63 49 69 67 44 -7 7 28 20 80 80 33 -1 97 33 9 -9 92 95 10 36 45 0 34 -3 75 83 82 74 63 21 8
28 20 1 43 9 35 56 83 84 94 90 87 59 29 59 66 34 50 9 75 58 61 27 72 74 54 -5 92 32 48 92 69 88 76 95 89 33 63 0 74 11 11 -2 -2 54 43 80 -3 -1 77
51 14 100 5 95 74 14 8 -5 66 91 77 1 9 82 46 30 31 65 85 53 -2 88 58 11 22 48 13 29 62 49 79 50 76 -4 -1 38 13 47 83 70 55 12 54 52 10 67 70 84 98
68 20 74 25 -1 23 93 0 -4 13 13 95 92 50 40 8 67 82 19 60 95 87 71 66 41 63 82 15 60 45 -7 84 8 85 52 52 82 100 61 82 12 -2 69 69 72 65 4 100 98 69
97 100 94 68 71 70 64 46 71 66 45 45 32 57 48 75 43 22 47 17 35 11 -1 73 22 83 52 32 92 84 79 15 92 46 -3 91 64 78 45 36 48 69 22 15 47 78 47 36 91 9
27 14 60 7 96 57 98 70 81 -3 40 64 -9 43 34 30 -9 45 71 -8 80 88 54 -3 68 77 59 -5 2 28 59 63 84 3 97 16 68 68 78 69 93 36 9 44 1 58 -3 50 36 34
30 22 23 88 63 -8 89 58 72 51 37 47 22 -1 71 54 100 89 23 44 94 42 70 33 49 27 8 9 75 11 23 3 76 98 23 92 61 93 63 30 12 88 86 81 56 19 83 23 95 95
88 40 95 49 -6 78 57 77 -2 30 16 47 81 -3 57 13 39 -7 -3 79 22 -1 47 4 2 6 19 64 31 86 41 6 12 -2 52 69 82 6 48 57 26 62 43 97 17 8 67 -7 84 60
69 18 48 76 15 48 39 -7 28 48 36 45 -5 45 51 48 98 47 76 49 53 69 27 77 42 14 16 6 50 66 24 80 4 -4 35 63 85 14 56 24 76 -1 -6 62 68 75 74 82 57 96
36 61 83 64 93 37 31 83 72 75 55 85 -8 -7 70 30 -7 52 17 67 -1 31 73 21 55 45 22 -4 68 6 17 77 33 29 89 2 21 41 83 15 -7 -8 9 18 49 1 41 46 70 -2
82 21 5 16 67 71 31 -2 91 51 -3 68 92 23 5 50 15 6 63 100 19 88 -1 36 53 86 -9 1 93 95 25 12 79 53 100 87 89 35 30 21 44 76 49 54 28 19 28 52 45 26
33 -7 85 56 18 43 82 72 41 28 73 51 15 33 86 9 53 86 15 7 85 62 75 42 13 21 24 56 13 62 -5 0 23 39 75 -8 -7 49 45 27 56 89 49 62 96 94 25 77 -2 41
93 31 69 54 96 22 61 61 15 70 18 53 32 53 22 59 81 82 42 38 49 59 8 21 52 59 23 13 2 37 65 47 97 31 -8 1 24 13 63 53 88 8 20 15 77 98 73 0 29 5
95 54 -7 -5 23 57 12 93 19 6 25 28 24 -4 96 100 4 95 23 76 53 92 43 30 49 83 37 93 84 52 47 -1 20 98 16 30 98 11 7 -1 79 49 43 24 95 42 40 85 92 -7
52 55 60 -8 47 92 43 90 15 53 -3 15 34 23 -9 59 50 97 13 93 83 24 26 35 27 12 65 28 48 78 19 37 21 -8 85 89 76 49 59 6 -7 52 49 92 15 38 33 1 60 79
-8 16 50 31 52 8 42 2 16 56 73 43 27 51 29 97 -4 57 67 -5 67 13 29 93 13 92 93 92 57 7 76 28 23 29 66 3 25 -9 22 78 99 -2 71 91 59 23 84 45 32 -6
58 31 96 15 0 24 14 74 -3 59 36 88 22 57 84 21 -4 -7 41 49 81 2 32 5 38 57 96 53 75 10 18 58 9 18 31 16 0 -6 11 80 -7 56 82 50 44 93 92 61 100 -4
38 -6 59 91 23 33 -8 8 49 72 74 66 77 10 77 91 79 96 57 53 3 37 14 48 -3 34 -1 16 0 58 -2 68 97 11 23 32 68 50 71 76 83 62 -4 48 88 56 -2 74 71 92
34 82 71 28 21 47 7 13 23 25 -3 88 45 67 92 65 -3 11 85 83 57 -5 35 27 24 69 19 70 11 87 34 3 23 24 61 95 85 74 43 52 22 30 95 91 43 86 -1 82 99 63
12 0 88 32 61 3 70 67 86 21 25 31 12 24 63 79 58 68 34 14 38 82 93 0 84 76 100 13 68 28 65 83 51 75 15 -10 45 42 71 28 18 32 8 2 88 89 3 52 31 60
51 10 95 14 41 62 -2 40 91 2 83 4 73 25 1 3 97 84 82 86 31 48 8 25 -3 24 20 5 -4 79 36 65 79 31 50 100 58 86 68 53 66 36 76 10 72 7 15 84 19 1
-8 11 90 22 10 75 25 93 32 35 3 91 97 0 76 91 -5 28 20 35 -4 95 30 36 22 1 27 22 19 32 57 80 46 1 12 90 -10 16 15 73 33 50 93 38 87 21 69 3 75 9
67 81 39 2 -7 8 23 18 68 -9 -5 16 54 47 48 98 38 -9 14 85 48 2 88 32 -10 40 56 54 53 50 35 25 38 11 -9 22 65 26 56 22 99 65 82 -3 16 55 43 -6 8 91
61 23 69 91 91 36 53 43 95 84 65 -4 -6 69 85 48 -5 89 33 91 88 7 50 33 88 39 36 48 60 40 76 53 42 61 61 70 64 91 99 94 84 86 29 24 21 -3 93 11 83 72
22 58 93 33 64 89 98 -1 53 99 55 85 18 8 34 23 10 24 32 32 37 54 34 5 75 48 70 48 79 69 70 11 79 2 32 77 1 50 80 66 82 13 8 4 89 70 63 69 65 97
97 50 53 83 11 81 78 40 36 15 26 9 18 -2 53 97 13 53 9 19 86 -6 15 10 22 39 40 40 79 88 97 67 27 24 22 68 16 88 73 24 53 83 35 49 17 66 94 59 77 61
97 72 76 87 76 23 -7 62 74 43 2 99 6 47 8 15 48 93 36 -6 29 6 46 15 25 66 58 45 65 21 64 74 94 93 -2 5 69 41 30 78 58 82 -8 41 71 82 68 72 48 36
53 63 41 85 58 53 36 74 31 30 63 1 3 1 7 94 20 6 94 99 86 11 -3 9 9 99 84 -5 68 34 3 7 -2 55 85 94 15 86 100 1 66 92 2 88 20 87 33 0 17 51
38 100 45 -4 30 49 62 8 5 86 -10 30 10 48 6 38 80 81 17 65 79 85 82 25 80 92 63 92 28 67 96 89 16 48 83 33 -8 26 3 6 77 42 19 26 -4 -5 23 96 54 81
4 83 10 85 12 65 32 85 40 -8 73 35 82 53 58 71 19 81 46 3 19 41 20 -3 69 85 13 65 28 4 60 64 98 82 55 4 100 23 60 -2 59 9 60 44 56 77 5 98 59 74
37 40 92 15 3 43 73 69 53 -2 9 30 59 42 75 29 59 93 79 48 62 -1 44 41 18 32 79 46 31 91 33 -9 20 72 78 -6 66 77 52 27 69 26 10 29 16 3 12 29 95 68
63 52 3 58 3 41 55 75 49 55 27 18 7 11 37 18 11 86 52 32 2 69 45 -3 44 67 62 3 49 53 65 39 43 37 73 -2 36 -9 88 9 36 69 39 13 97 25 52 88 20 74
-4 64 63 54 22 20 17 -1 28 81 37 28 100 94 14 59 -7 22 84 27 -3 48 90 45 100 9 25 90 11 91 14 68 -9 28 39 45 -5 75 1 55 40 22 40 53 17 47 69 44 72 99
53 97 9 44 36 -4 45 0 90 6 75 26 49 52 98 2 -3 5 6 55 88 75 80 48 11 83 25 88 42 84 52 60 -7 8 -8 52 79 5 36 91 71 6 5 96 -5 58 71 76 71 37
34 34 -7 99 24 66 32 -4 53 95 72 55 -1 55 99 2 69 42 77 55 -5 52 35 93 28 100 54 53 41 60 92 55 26 21 51 58 60 57 59 18 91 -1 60 62 23 30 7 77 14 97
12 3 25 12 47 67 37 66 -6 74 3 32 26 25 61 10 16 18 -4 1 36 65 9 52 12 84 64 26 48 94 53 -6 59 69 -4 55 38 61 -8 69 46 33 61 53 87 70 37 98 -9 6
28 23 8 7 13 60 43 5 31 94 34 47 6 64 10 13 51 14 21 13 -6 63 57 42 47 64 42 26 84 22 98 85 32 33 89 79 68 69 55 72 67 66 93 31 82 19 38 6 79 69
100 57 -1 34 13 18 19 55 94 79 63 66 10 55 46 82 38 93 63 50 89 3 5 2 85 7 60 96 17 86 96 34 43 72 4 24 33 67 46 79 90 8 85 42 89 55 30 65 52 30
27 30 7 27 -6 25 6 60 90 33 94 22 48 56 89 41 18 36 55 83 -7 24 91 98 6 -1 77 49 37 56 2 11 -10 77 4 68 22 71 93 51 30 95 -4 67 79 55 20 35 10 61
56 25 93 86 21 35 14 95 59 9 91 47 37 -7 82 90 88 74 68 -8 6 -6 90 100 17 81 56 57 20 28 10 -3 60 66 28 44 -2 87 82 77 21 77 90 4 91 61 44 38 76 32
74 31 37 74 -9 28 60 -4 84 44 38 17 29 36 90 14 70 4 71 23 32 93 88 30 11 19 7 9 100 72 85 93 67 20 57 87 8 7 24 86 43 -5 93 23 43 93 19 58 84 85
55 74 -8 53 86 51 22 63 98 53 18 82 52 20 -10 16 6 51 3 96 3 78 95 77 32 67 66 67 94 60 3 16 65 -7 22 19 7 42 5 60 15 14 96 90 56 78 62 35 22 12
56 59 13 40 87 31 54 -3 78 15 30 44 18 36 13 74 80 95 25 43 38 -8 1 15 78 7 -9 0 6 29 65 7 42 99 26 -10 47 64 21 47 5 46 28 93 9 84 42 88 73 24
0 89 1 12 94 31 59 53 77 58 92 35 75 31 -3 22 70 22 13 65 64 100 22 51 -4 6 22 9 68 87 36 6 23 81 73 88 74 45 20 17 87 71 94 100 -10 45 19 -8 -6 80
50 2
63 10 67 69 24 60 99 -7 90 51 79 69 -1 68 1 94 46 5 14 92 58 95 40 85 32 45 14 87 96 77 85 98 94 26 53 87 99 65 28 43 54 1 19 -6 71 57 55 13 -4 49
25 31 80 -6 28 52 50 76 44 -3 47 58 60 -4 57 9 29 94 65 50 43 16 23 68 100 -8 44 100 75 86 92 92 10 0 90 45 99 3 11 35 77 46 45 65 -2 44 57 91 68 86
17 40 66 66 81 39 12 72 91 30 33 16 29 10 12 50 34 5 64 -2 52 13 61 72 64 24 94 65 10 50 24 20 51 41 -9 68 79 23 21 19 57 20 9 20 -4 98 48 52 93 14
57 82 -6 50 0 11 54 67 72 59 34 30 27 -3 61 60 39 59 70 63 65 71 -4 98 14 67 67 65 23 17 73 8 89 -1 52 72 70 57 55 99 61 -3 53 -3 55 54 57 39 35 28
32 79 93 45 19 -6 69 88 63 88 -4 63 57 14 58 18 91 76 47 77 42 56 78 44 46 46 85 86 34 4 66 52 31 44 68 64 7 93 84 39 61 5 46 9 9 77 42 46 17 36
38 12 81 46 43 93 100 7 57 -4 72 62 57 21 99 14 28 20 87 73 59 60 15 37 70 72 92 -9 97 87 59 11 -8 72 39 1 46 46 30 22 81 36 22 10 17 100 23 87 -10 37
75 34 -6 76 78 85 -9 29 69 35 78 13 97 79 -1 22 39 83 74 16 44 43 62 48 86 19 99 74 30 48 51 -1 97 11 40 39 22 -8 43 0 79 14 17 40 14 98 20 62 36 63
64 28 72 8 34 31 27 60 78 66 56 42 74 -9 38 70 52 89 82 6 53 27 39 13 30 83 17 9 67 95 88 96 -2 86 18 79 39 -6 83 6 85 34 78 71 90 -4 43 25 48 95
17 46 6 58 74 38 87 69 9 7 85 41 67 15 78 76 45 -7 38 6 -7 36 86 56 50 47 48 49 -1 60 54 9 -8 22 75 73 65 39 21 -1 24 99 -6 30 -4 4 73 34 19 37
14 100 -4 25 92 -7 90 -6 74 53 56 39 93 71 84 0 37 58 64 74 49 68 71 32 38 14 91 73 79 81 -4 69 35 33 10 67 8 99 25 37 -5 94 10 59 73 74 74 55 52 47
0 52 -3 77 48 -5 97 14 -1 45 8 43 75 80 -7 27 87 30 -2 20 54 56 10 65 53 8 79 43 -10 59 51 31 -10 84 48 20 21 69 48 -5 22 74 59 49 97 44 91 14 43 -9
-2 51 77 2 88 -1 32 24 95 60 70 -1 27 62 66 84 87 48 23 43 22 -8 -9 84 26 83 33 53 32 82 47 98 98 39 19 83 78 51 31 64 71 12 44 31 1 39 -10 1 -7 71
91 83 27 22 43 96 38 25 80 23 -6 68 9 9 45 41 60 4 28 13 9 16 47 83 68 4 -8 73 45 83 98 65 51 85 79 25 83 63 -5 -10 -9 88 90 19 51 38 99 18 16 90
64 30 -9 53 78 49 -5 37 18 40 44 72 90 -6 33 41 22 2 43 54 14 24 100 45 30 95 -7 98 84 31 94 23 29 79 2 93 88 64 -9 81 51 39 88 57 74 0 82 89 5 89
80 17 50 0 77 15 41 -10 74 51 3 19 -7 44 -7 18 95 16 87 22 63 46 87 -7 86 35 28 19 41 91 89 -7 23 8 36 47 96 27 46 58 94 -4 38 69 0 73 55 46 96 54
16 -3 89 4 79 99 45 70 60 90 69 -8 70 10 29 31 57 73 -10 78 4 -7 52 41 69 42 60 61 26 4 10 30 70 38 5 12 33 84 30 15 41 22 70 3 100 42 1 27 16 6
18 59 14 42 10 -4 76 61 6 34 60 64 36 92 85 26 91 58 -6 -9 0 95 41 5 83 53 24 75 6 18 44 15 -9 25 73 45 21 76 92 66 85 92 44 89 70 16 31 97 64 40
59 12 68 22 30 8 29 21 98 94 -6 48 35 53 98 8 -7 18 77 16 -8 50 86 98 17 40 58 32 73 59 13 59 80 19 30 8 23 28 90 27 64 50 99 -1 6 -2 33 52 83 5
90 78 93 20 5 54 19 68 -8 90 29 50 19 96 40 51 3 81 37 23 68 93 50 24 60 30 13 49 14 -10 22 90 -2 98 53 1 79 80 48 73 -8 55 77 80 58 65 -7 70 30 -2
-3 41 -5 72 71 73 56 33 49 98 78 0 -2 33 100 38 89 0 53 -2 95 61 94 64 91 9 32 2 -8 45 33 53 57 12 0 35 53 55 63 66 26 68 66 100 70 98 85 -7 95 -8
-9 2 75 39 -8 28 57 63 42 59 1 69 69 100 35 70 11 18 -5 29 30 34 87 97 45 -8 54 43 76 49 87 -2 34 0 58 87 22 51 63 15 49 0 -10 77 4 33 29 84 70 44
87 -1 34 30 82 65 28 96 21 89 -9 72 56 -1 8 76 98 20 35 80 72 63 65 7 82 -7 19 71 71 3 28 69 31 38 81 90 65 94 46 -2 67 71 94 25 20 100 100 19 8 87
32 56 -5 29 73 30 75 33 -9 89 61 41 77 95 82 45 64 8 93 9 12 92 7 41 26 51 60 64 92 37 39 82 15 39 80 43 80 40 28 -2 69 45 50 45 92 35 88 56 15 76
52 18 84 -8 22 68 23 54 77 14 80 45 84 18 15 50 84 78 6 14 29 75 15 92 90 92 27 15 98 -2 -4 78 29 66 94 23 38 67 62 73 45 38 96 58 22 86 45 45 21 51
97 9 -1 19 47 82 80 59 35 95 42 30 99 5 27 31 40 13 -9 -7 7 34 52 71 84 55 39 78 30 48 52 19 34 100 14 49 82 62 5 22 84 41 28 80 -7 8 100 91 18 85
47 100 86 18 100 71 8 3 19 57 79 28 3 42 99 100 77 84 86 80 19 28 40 -7 47 84 18 39 10 33 5 -5 57 51 50 67 6 -9 88 75 75 81 82 52 -2 4 -9 33 34 16
28 61 37 17 56 30 58 69 49 -8 16 7 0 21 23 72 68 78 -5 100 83 100 8 57 31 82 52 4 -6 6 37 67 55 53 33 85 18 5 81 67 57 25 83 0 87 24 58 48 56 76
49 25 37 75 88 -9 78 45 79 68 67 47 41 13 56 62 29 49 88 76 49 14 21 2 71 -7 32 -7 74 22 -8 29 43 97 2 38 34 47 5 -10 83 36 4 31 20 20 66 45 18 15
66 -4 80 2 10 41 75 6 62 55 60 18 38 56 82 65 57 77 91 78 70 88 12 8 11 36 37 88 58 19 57 -7 28 -9 86 86 50 -8 49 33 73 0 72 71 -6 40 90 71 20 91
-5 79 85 72 15 8 1 35 60 20 28 65 25 57 97 93 61 7 49 73 94 27 0 73 77 64 78 26 90 35 95 39 -4 86 29 1 60 59 31 -2 66 96 37 81 44 33 64 47 -1 56
61 71 26 89 56 76 13 21 98 68 75 98 54 12 56 32 37 -9 76 39 60 32 -6 78 -5 95 56 42 65 89 72 84 67 36 46 82 -5 65 82 85 11 55 44 56 6 55 28 23 6 8
4 7 60 -10 18 1 35 31 96 9 9 26 52 38 19 32 13 31 67 62 70 24 45 32 41 29 85 72 92 -9 70 50 62 3 7 75 19 11 -10 100 20 -9 20 -6 37 18 15 29 66 78
7 2 80 10 76 27 -10 13 -3 45 68 6 -8 51 50 52 7 0 33 9 14 36 64 1 27 -5 83 39 1 14 34 7 21 21 88 73 -5 77 78 74 54 70 85 30 2 26 74 74 21 26
34 -7 79 63 66 20 8 45 98 25 -1 76 2 11 68 52 95 -10 42 49 -8 75 43 26 70 39 91 27 93 11 94 27 7 80 83 10 -6 65 -9 29 40 18 28 42 60 18 3 -6 43 81
1 80 38 24 69 69 -9 100 -1 34 59 29 11 78 35 48 56 39 62 61 34 75 11 11 95 26 56 26 42 37 26 26 52 44 52 0 42 41 18 53 3 -2 32 40 10 16 96 28 100 41
38 2 67 72 91 -9 3 64 44 64 19 4 18 58 49 96 43 -3 20 19 4 -5 83 16 45 25 55 91 8 49 51 89 -2 33 55 58 60 16 16 70 18 77 90 30 55 91 88 81 78 11
-2 94 -8 49 55 5 -6 5 76 98 8 35 10 93 20 73 68 12 49 68 12 72 83 54 59 20 79 53 68 58 45 -5 77 85 95 42 18 56 -7 75 15 2 58 72 95 14 70 91 65 -10
16 81 96 52 94 25 17 23 76 83 17 68 90 68 54 9 39 43 53 91 15 84 55 41 50 97 67 54 -1 62 82 59 95 75 -1 22 88 61 3 12 75 28 82 68 93 8 13 98 -8 29
86 -4 68 69 -5 46 64 11 61 53 74 20 43 -7 27 1 -8 39 58 47 58 7 34 29 46 -1 12 42 44 48 4 17 26 50 70 79 40 95 75 39 55 8 3 31 28 32 91 -3 66 55
90 -10 69 53 54 40 39 91 78 36 57 89 -3 96 70 98 93 64 43 -4 61 39 10 52 36 64 48 76 -7 2 6 22 8 66 80 49 41 59 13 -5 -9 31 72 2 -4 83 8 38 73 53
83 -5 44 -2 63 43 63 33 85 93 59 45 65 56 47 51 86 48 -4 23 42 68 49 38 53 33 4 66 63 79 8 58 41 95 47 32 56 88 37 67 -4 99 48 53 38 25 95 43 99 5
45 88 86 59 39 72 71 19 21 -7 62 81 58 32 64 25 -1 24 26 1 74 19 46 91 80 72 16 75 64 91 44 65 13 61 74 41 96 48 33 64 61 16 46 29 47 37 12 51 84 10
25 8 72 35 59 85 -5 93 90 93 21 95 62 19 68 0 2 99 5 76 48 0 38 5 21 82 -4 86 64 0 -3 44 93 83 55 40 -1 87 86 79 78 85 95 -1 58 92 6 84 1 62
61 79 45 67 53 19 55 38 9 49 18 -9 -4 51 86 35 100 5 83 -3 24 67 -8 -4 50 7 19 49 5 41 85 76 3 81 41 47 5 72 55 7 -1 92 -3 100 16 16 72 21 64 31
10 65 78 81 45 25 41 36 95 46 93 28 60 -5 14 82 75 6 30 71 81 100 3 -10 57 -10 83 25 85 35 13 -4 58 -9 24 72 79 15 91 -3 38 65 10 47 5 100 33 32 0 -6
76 51 -6 45 56 67 76 31 5 79 35 9 60 13 21 73 83 62 80 11 1 98 15 -9 61 -10 23 54 64 37 71 58 48 67 7 27 24 58 31 17 8 68 71 68 21 79 35 39 24 11
30 -4 53 42 99 88 5 49 51 73 77 77 -7 18 35 24 34 46 74 39 44 1 27 54 68 33 14 83 14 78 -10 16 81 4 56 -10 -3 40 82 -2 87 33 86 34 84 17 89 69 12 53
95 -5 42 -8 97 52 59 43 54 14 -3 59 86 17 56 19 29 47 9 58 78 -1 28 54 18 20 97 19 30 1 96 51 83 51 22 15 63 98 40 42 12 -4 80 71 85 44 44 35 60 40
-6 94 71 82 -5 41 34 27 58 39 29 6 5 48 100 37 6 91 76 58 13 38 28 1 51 100 50 77 -9 3 -9 -5 -4 91 13 94 33 77 36 84 66 93 51 -5 64 8 75 59 96 68
85 30 -6 96 75 62 55 68 42 15 19 88 73 22 46 48 64 17 7 76 1 79 11 35 75 -8 49 80 73 18 79 3 74 62 -8 -4 8 51 61 5 62 46 50 43 29 5 77 32 40 58
50 3
13 26 -5 -5 2 64 56 92 51 54 7 53 31 93 95 47 67 30 64 30 -2 81 94 83 0 -5 47 21 29 -4 81 95 80 -7 89 25 30 10 20 63 38 2 76 72 46 48 72 51 97 33
21 61 83 92 42 13 10 91 75 38 40 86 31 33 27 48 64 13 72 62 53 42 47 61 51 31 50 47 44 57 24 58 44 20 4 91 65 18 20 38 55 29 30 29 53 99 62 57 48 0
93 79 23 40 6 8 39 92 2 19 19 23 62 84 89 9 50 14 57 92 55 80 65 45 24 71 -6 -4 5 -4 59 86 85 84 37 29 32 22 54 22 50 20 44 75 24 35 69 50 6 4
36 71 49 53 59 11 40 27 34 87 53 18 83 -3 69 -2 73 64 47 62 93 -5 -4 3 -10 82 48 89 34 23 74 38 72 56 77 54 25 39 100 7 12 71 20 31 -4 29 74 86 75 94
-6 38 56 46 87 78 64 19 97 28 32 23 58 0 20 3 52 32 15 1 86 20 2 31 57 85 44 22 57 86 87 24 13 86 49 23 24 56 24 82 10 90 30 59 17 16 43 95 9 61
19 53 13 51 94 98 28 97 -5 94 -6 6 79 43 58 -1 -8 100 4 24 3 14 92 54 43 10 98 61 70 29 63 49 -1 54 77 86 89 72 63 86 98 29 71 99 87 -10 93 5 42 78
6 51 -1 53 39 -10 90 48 -9 87 60 90 3 84 90 -7 -2 54 87 23 -1 56 54 37 94 0 48 19 28 88 -8 73 61 59 2 32 49 27 80 49 21 -8 11 48 40 59 40 40 69 31
3 29 60 30 55 83 82 30 63 63 79 28 -9 -7 40 8 40 39 -6 -4 89 55 66 54 0 40 0 14 89 49 4 65 15 24 28 56 5 3 36 51 3 15 86 -10 40 63 69 62 12 52
95 77 29 61 73 99 86 72 32 72 89 64 23 9 -10 -6 40 38 77 77 21 100 11 52 21 -3 68 15 98 -2 53 91 -5 4 4 80 25 67 45 48 36 55 72 16 32 86 52 80 47 75
22 15 91 33 13 100 78 22 34 -8 49 33 16 28 49 25 30 93 32 78 2 13 96 86 4 27 14 62 63 -1 35 -3 95 96 61 33 25 59 30 94 82 -5 72 29 94 93 36 76 81 14
47 47 74 57 74 57 7 37 23 16 77 20 37 71 35 97 77 30 75 65 87 63 75 36 36 -1 17 75 12 -7 84 3 100 36 84 86 58 89 18 23 57 75 49 83 58 25 10 38 9 -2
31 46 73 56 22 23 38 6 56 56 55 3 65 42 96 84 6 9 71 -5 99 74 43 62 39 41 64 16 47 88 82 62 48 86 1 59 24 79 84 -6 93 96 -3 90 -2 84 35 14 53 10
45 41 4 18 80 95 49 22 81 60 85 11 51 92 14 12 53 39 10 9 70 -5 98 42 91 39 -7 12 84 3 49 94 63 62 0 71 11 95 22 52 65 84 36 0 16 49 14 -6 20 55
-5 72 7 42 38 -6 4 47 94 -2 30 20 34 47 74 42 -6 86 27 8 49 36 62 82 20 0 45 9 12 1 49 61 83 93 35 49 70 2 16 76 87 34 52 -3 44 99 64 14 85 57
31 38 17 40 16 31 -8 35 56 37 35 37 86 -9 12 84 86 80 6 46 -1 21 38 -9 46 73 5 74 20 56 27 14 75 19 82 75 40 75 12 68 75 80 -6 31 -5 81 83 82 19 8
56 64 88 88 0 6 41 79 45 15 15 45 74 -3 11 59 34 40 7 35 33 77 64 4 -6 -7 68 25 37 96 25 -8 -7 67 33 -5 39 7 33 64 49 79 91 22 1 16 29 94 36 53
70 -4 14 29 -10 86 36 23 43 97 52 0 -3 58 9 78 70 21 75 48 73 40 88 70 57 62 69 35 91 83 39 -4 44 36 -2 38 99 66 94 90 -3 33 32 82 36 93 68 21 11 46
77 19 71 74 68 43 96 76 62 69 34 79 52 67 -6 42 43 25 82 11 68 72 -10 13 87 48 83 54 45 44 41 -3 2 55 38 52 -10 -1 35 59 11 59 44 91 85 76 15 89 0 48
58 37 72 66 -10 100 1 95 58 20 85 3 77 2 34 45 18 47 51 88 55 72 17 6 55 21 98 63 31 57 11 -3 25 56 46 16 91 75 65 42 66 59 -5 15 42 16 63 0 54 18
53 96 11 58 29 87 1 26 25 88 36 67 4 45 76 71 64 -7 -2 51 87 65 6 42 24 100 41 17 22 18 11 78 23 78 -10 92 48 44 -9 73 -2 65 28 10 55 42 19 -2 91 39
-3 58 98 0 63 62 85 92 0 9 59 23 18 -2 8 96 74 66 96 60 32 37 15 62 -8 89 49 79 78 33 78 91 26 -6 58 36 38 96 32 25 -8 99 4 24 6 27 8 5 1 72
35 9 89 84 22 31 84 -5 -6 59 59 95 95 39 95 81 47 90 26 71 18 13 69 94 17 49 -7 88 49 -6 37 81 29 97 80 68 54 88 55 26 33 2 14 65 -10 9 93 15 0 50
-9 93 52 81 75 23 36 60 56 70 16 42 7 29 58 90 20 42 37 43 -6 66 43 47 28 52 19 81 54 84 34 -9 74 7 -9 27 21 71 24 27 -8 33 43 77 99 10 -4 29 79 68
39 49 47 98 59 4 8 31 83 55 2 79 87 56 78 40 46 54 28 85 100 42 28 25 88 49 73 75 11 24 94 21 58 45 90 67 -6 1 81 92 78 7 -7 56 86 -7 1 70 13 44
87 57 -2 32 75 -7 43 11 94 50 9 -6 27 88 -8 61 48 80 1 40 29 92 80 37 -8 65 94 60 76 76 69 18 11 2 21 -3 -6 99 55 72 68 81 1 62 81 -9 83 98 10 90
100 10 69 33 69 10 48 47 46 93 43 0 49 7 4 28 73 89 35 30 70 94 73 4 -1 77 47 26 48 49 -9 75 74 44 39 83 98 55 33 97 15 -9 99 9 6 82 46 12 -3 31
41 43 15 -6 42 25 98 83 62 32 88 34 80 72 80 3 81 21 95 94 4 25 45 89 13 -6 49 15 63 70 48 25 42 33 -6 12 -6 32 91 56 98 77 97 15 48 -4 36 43 98 88
58 -4 21 17 -1 50 71 31 -6 35 46 64 43 88 60 90 34 -9 96 19 67 66 -8 93 22 72 88 81 99 19 56 85 84 4 67 45 10 81 58 42 90 14 16 25 39 13 57 91 51 70
99 67 89 74 91 1 76 69 -9 91 6 -1 81 20 80 38 8 70 76 67 25 52 74 97 32 90 38 7 42 74 7 91 95 62 32 73 26 95 89 1 94 18 76 87 34 37 22 4 96 47
45 90 -1 39 82 54 40 1 84 14 17 79 48 16 46 74 2 9 -1 -6 74 77 17 100 -10 14 -10 80 44 31 45 100 53 17 47 65 85 22 66 30 17 44 50 95 3 -10 84 64 33 15
59 94 8 38 74 67 25 21 51 66 38 36 15 55 25 93 69 30 87 78 82 -4 84 62 15 48 34 76 66 86 34 10 1 35 67 61 45 7 42 23 60 48 32 23 80 78 48 82 64 36
38 -4 74 58 53 59 81 66 98 63 39 38 19 91 31 31 32 98 -9 97 38 71 14 83 21 79 94 47 9 62 48 4 41 60 7 41 87 32 35 38 68 19 18 18 58 57 92 66 58 54
76 10 22 91 2 74 27 5 79 65 26 42 88 85 84 29 40 31 10 68 -6 93 55 91 24 -8 98 24 87 96 12 81 39 48 -8 90 83 25 93 34 95 100 39 92 72 19 98 -4 79 15
92 87 29 61 45 29 72 1 77 19 8 58 81 5 34 -9 7 11 58 25 11 30 75 56 22 44 10 -8 15 -9 53 57 68 1 56 34 81 8 35 90 84 -8 -9 56 19 100 17 96 37 23
68 72 44 34 19 -6 33 82 76 44 -5 62 65 62 69 91 28 10 85 33 75 9 78 67 5 37 66 11 34 52 -7 34 21 6 56 35 8 86 -6 83 15 82 49 8 46 16 27 40 73 13
95 -10 42 81 86 74 44 66 3 18 72 70 18 42 -4 54 -9 74 46 52 54 26 78 -8 7 58 25 12 50 82 82 63 35 -4 84 59 77 3 95 23 95 95 82 76 17 65 14 -8 31 27
86 25 83 13 53 28 21 10 4 98 76 61 45 3 39 50 51 51 -10 17 92 54 89 68 92 5 62 55 97 23 36 82 89 80 53 12 45 74 36 71 83 91 41 88 96 30 95 33 82 72
98 68 93 35 70 19 13 95 42 83 96 58 63 56 75 37 65 87 91 80 94 18 51 51 50 81 55 92 73 54 13 34 23 74 29 -5 57 79 4 22 48 0 63 72 31 93 93 49 12 13
87 -9 69 18 82 47 83 18 27 94 69 12 82 18 7 17 68 32 3 39 92 83 48 48 28 12 14 51 62 64 3 66 85 10 44 87 35 17 4 27 65 7 27 0 37 61 24 -10 28 17
39 -7 71 37 86 79 92 15 74 69 86 88 16 -4 44 60 42 44 74 46 11 -10 9 43 15 22 33 44 98 27 27 13 -7 -10 60 56 92 48 -9 91 44 37 51 18 75 63 53 39 15 64
17 84 71 48 -10 65 64 6 70 95 43 95 43 47 6 16 100 66 70 20 50 53 91 98 8 64 50 -10 95 55 40 17 50 29 31 72 4 36 40 25 76 52 54 4 23 49 64 37 76 77
86 46 16 34 25 82 92 44 16 17 -6 60 43 53 74 56 37 48 98 93 87 -10 0 38 37 31 40 45 80 11 55 4 50 81 55 47 84 79 -6 10 7 86 64 36 68 88 98 33 62 39
60 1 70 3 26 99 32 79 74 71 81 75 22 70 76 93 53 51 67 83 93 91 -5 38 79 44 74 89 -2 41 -5 61 29 53 96 27 94 6 9 37 62 32 19 10 24 87 74 37 49 31
84 89 71 -6 38 54 48 -7 97 63 58 60 95 50 27 96 81 8 71 78 20 3 75 50 61 22 9 48 79 23 -10 19 63 85 52 28 49 64 100 70 37 85 96 40 92 63 58 1 7 -5
80 62 45 24 54 -8 39 -7 87 -10 47 -2 16 39 41 68 23 59 -2 -2 91 55 80 9 20 52 0 54 81 45 33 79 17 57 50 82 51 32 -5 3 91 8 -3 88 74 43 93 58 21 93
36 19 11 43 67 -2 23 7 68 60 85 19 74 45 93 -6 6 45 95 27 71 61 83 -8 -8 69 5 44 80 -10 49 57 -6 43 80 87 16 55 91 -1 24 6 94 23 39 33 18 58 70 43
76 82 12 13 24 21 -9 29 52 88 100 60 57 51 95 94 20 38 59 56 50 14 61 35 52 -8 23 31 92 49 56 79 61 62 83 38 20 7 40 3 39 92 7 3 56 92 46 -7 -9 60
39 -7 93 15 12 1 5 20 11 26 74 93 24 8 29 34 16 12 80 90 92 -6 0 79 87 -6 89 3 39 68 94 87 23 28 1 35 1 75 52 -2 1 46 -10 42 84 52 62 8 71 43
65 15 -4 77 18 76 96 48 82 62 75 -8 -3 37 -5 4 73 51 91 2 22 39 48 57 26 24 88 -1 42 87 58 4 86 8 50 86 50 89 57 12 20 89 2 3 90 62 13 17 86 46
7 67 -2 -2 31 4 14 25 40 38 63 84 42 17 -3 3 28 -2 7 90 33 16 74 43 25 23 47 41 92 26 56 95 100 83 63 9 5 60 85 49 56 53 83 90 19 83 73 68 15 11
50 25
4 0 99 2 8 31 48 35 -3 75 77 60 28 68 73 13 50 51 59 24 92 94 55 39 34 -5 74 50 14 -1 1 5 82 79 22 64 -10 1 97 -6 4 52 52 74 80 59 92 24 18 30
62 76 59 45 -5 66 90 47 62 99 59 33 33 11 12 96 98 8 4 76 59 17 7 90 0 71 93 71 31 5 39 68 5 -3 27 -7 6 -7 63 38 69 90 86 14 61 -7 5 72 23 92
20 4 50 86 75 60 70 86 31 -7 8 34 2 57 4 7 4 80 -1 3 47 82 79 25 24 -7 25 60 16 31 76 79 25 66 75 -3 35 -6 31 19 -8 51 46 82 83 80 -4 50 94 69
70 -6 100 79 64 2 91 2 62 86 98 53 84 44 48 39 59 59 74 73 21 72 88 9 68 64 34 70 6 58 -4 48 97 29 51 45 83 65 68 5 53 96 58 -10 37 88 7 14 71 88
73 73 7 36 74 47 -1 67 17 36 53 43 77 92 5 23 -4 0 50 35 -5 10 33 89 6 -4 -3 -3 18 43 98 94 67 61 4 77 60 42 22 50 89 17 9 7 8 23 -4 2 65 -3
-7 14 88 13 86 35 73 78 23 30 44 59 63 22 -10 85 53 28 81 88 82 17 86 39 98 1 23 62 50 98 -8 69 84 84 18 5 23 90 30 21 54 25 91 -8 -5 26 1 77 30 7
68 37 35 84 23 95 80 77 89 32 -4 64 44 56 39 4 3 55 79 52 81 20 27 14 6 40 26 83 -2 68 39 24 29 60 43 17 -4 52 66 33 60 67 29 55 91 88 87 7 87 1
65 97 60 27 66 -8 68 99 31 -9 22 36 -9 100 59 14 -7 30 7 80 57 3 68 49 46 30 70 38 100 -1 49 14 62 51 92 -6 8 80 1 41 36 45 31 32 24 10 -4 46 -9 82
38 80 31 41 87 70 -10 44 84 39 12 99 38 38 63 27 -8 48 43 82 23 0 -5 82 13 23 71 9 43 78 44 27 19 25 6 86 3 90 94 92 100 70 -8 18 86 3 2 17 24 -2
18 44 -3 15 54 24 69 14 69 32 -8 38 48 32 96 14 38 23 61 7 -8 56 79 38 66 79 36 49 86 77 93 68 -9 61 39 80 2 46 9 96 94 1 14 4 35 81 39 74 64 76
-2 20 90 41 25 13 66 80 21 37 4 74 77 60 49 42 14 27 68 12 16 15 65 68 18 100 60 3 15 -4 54 16 64 88 21 70 -9 63 55 84 90 32 20 86 85 27 100 90 60 74
23 54 -8 24 13 57 10 13 94 29 9 63 25 63 81 26 22 21 79 74 -4 33 84 4 33 25 82 65 85 29 22 43 39 62 73 22 61 -2 48 35 9 15 -2 87 3 17 94 53 80 2
-10 67 99 77 64 32 -2 91 81 88 31 55 43 78 36 48 22 56 52 81 53 70 -10 35 49 91 40 -1 68 38 -1 47 30 34 43 43 15 37 5 2 91 59 56 2 14 -1 32 84 37 40
48 42 45 93 99 75 61 72 33 49 1 13 98 69 44 2 -3 98 23 -8 59 33 37 87 41 32 53 51 27 81 74 -4 64 34 69 89 82 100 89 23 8 36 19 9 14 52 17 54 56 67
-8 9 99 27 36 80 0 76 85 54 28 30 73 7 36 87 -7 42 74 43 60 27 -5 92 70 -10 31 32 40 68 70 66 40 78 32 9 23 68 99 74 5 -8 36 63 0 27 10 11 52 63
-8 8 78 58 89 1 51 -8 -10 14 82 95 61 90 61 43 59 80 26 65 9 30 95 79 25 73 65 37 -4 79 11 -4 81 18 29 79 100 10 44 90 75 74 38 77 30 46 0 67 19 21
82 10 55 71 34 63 91 3 57 44 29 99 -10 -7 72 23 98 1 70 75 64 85 44 83 78 16 87 64 77 82 86 30 52 94 28 54 47 74 15 11 -8 33 95 28 37 24 78 17 51 68
72 56 93 59 35 70 75 18 84 86 42 80 -4 29 89 68 54 59 15 31 73 81 87 36 17 45 81 30 49 11 73 75 32 29 63 69 56 32 100 15 86 99 72 71 5 91 88 73 -3 97
55 56 -7 84 0 83 4 12 57 47 74 15 5 56 4 90 58 46 56 -10 25 48 29 81 4 32 -1 58 81 3 -7 64 80 25 46 85 88 49 87 30 10 53 -1 44 100 23 44 88 36 37
2 87 59 4 17 91 91 17 3 -2 73 53 54 84 79 61 49 93 34 80 10 80 60 87 82 15 65 41 4 100 43 71 72 99 7 53 34 64 40 4 53 34 18 25 11 70 74 21 62 54
-3 86 12 -9 2 83 92 53 26 95 41 46 43 88 -8 100 74 46 55 94 44 68 24 89 58 37 10 95 98 48 69 2 29 35 76 91 85 41 49 54 -7 57 -9 49 -9 76 43 83 99 64
21 -4 86 17 -9 6 88 97 70 73 26 89 96 78 62 93 4 65 59 11 73 99 70 43 12 91 -6 60 41 81 0 79 98 95 12 24 -7 39 72 4 -9 4 55 65 78 -6 89 84 90 35
-3 16 83 98 22 14 -5 50 87 28 43 36 11 91 67 6 58 23 44 17 85 77 3 61 6 66 76 20 67 31 -4 42 87 7 7 70 66 94 89 74 72 13 60 -8 7 82 61 6 9 95
45 67 90 51 62 57 40 5 -10 33 48 83 7 36 18 52 -5 97 90 88 2 35 -3 97 52 68 27 25 19 68 66 67 18 64 10 17 54 87 -2 11 33 80 31 54 1 5 -4 99 26 89
52 92 32 80 25 89 6 19 60 66 62 95 17 91 85 41 75 88 -3 12 59 76 28 -6 44 89 84 91 19 47 64 30 -3 10 4 54 71 35 46 10 36 21 33 26 52 63 -2 17 67 27
87 92 67 91 51 57 3 14 -5 20 76 58 97 -4 12 82 62 92 31 23 39 13 5 94 -3 68 48 -1 27 93 98 26 1 66 26 72 90 80 54 12 26 67 76 12 28 39 46 19 4 43
47 4 24 -8 79 8 22 87 94 89 4 97 2 5 11 17 13 -10 13 52 86 65 42 82 70 95 -9 35 90 36 78 60 65 19 53 39 100 1 63 11 -5 -2 78 59 86 -4 62 89 25 3
65 45 24 19 50 -4 50 35 11 7 50 13 7 65 75 11 56 26 85 81 81 28 36 57 11 -7 62 69 25 3 25 25 31 95 58 -5 50 28 29 7 54 81 12 47 61 -7 25 34 22 92
38 2 1 11 57 86 63 31 89 71 69 2 16 -7 16 58 68 97 51 4 92 73 57 82 70 91 -5 38 18 46 35 85 59 96 62 73 40 29 45 -7 99 59 8 81 49 13 91 17 32 -2
-8 90 57 10 95 14 69 20 17 65 15 78 83 45 77 5 65 99 66 45 50 4 34 45 81 34 -4 67 54 43 25 5 57 37 34 50 45 68 99 53 84 83 24 46 45 60 63 85 21 74
90 8 96 43 55 55 49 31 40 20 25 51 53 63 -6 54 97 38 32 39 17 -7 38 60 93 96 39 67 81 31 39 53 4 56 -7 -4 59 85 48 94 29 71 -6 20 29 89 78 27 13 1
24 88 -8 88 80 19 95 59 31 1 75 -8 32 12 92 28 47 70 83 55 73 48 12 -9 4 -10 -1 -3 59 44 91 98 -6 82 78 36 -8 90 71 -4 52 28 37 100 33 6 89 9 9 6
7 -1 32 84 79 8 69 62 4 60 26 14 24 65 77 79 3 26 93 22 31 49 74 59 -8 0 71 23 86 56 21 41 53 29 10 69 -2 25 87 85 -10 52 -9 10 6 52 47 23 8 64
81 1 66 47 16 100 78 28 77 65 72 45 92 90 47 97 57 -4 91 13 83 -4 -1 78 14 16 33 38 64 80 13 98 -2 5 81 35 63 60 55 77 15 93 38 50 15 3 13 30 86 54
67 76 82 30 51 38 83 54 23 86 2 -5 57 4 59 91 96 56 66 43 42 89 27 63 34 -6 36 50 30 35 77 85 91 22 59 79 60 22 86 62 14 -2 34 94 70 53 -10 78 67 49
95 38 14 -3 -3 16 88 47 82 65 2 12 22 87 -1 81 10 28 18 62 -5 97 25 47 10 73 34 84 88 -7 4 77 29 -7 81 55 64 -6 45 35 14 98 37 98 38 19 55 -7 24 11
32 94 87 10 80 32 87 51 74 81 58 60 72 82 13 -7 86 90 29 40 14 46 94 70 28 74 63 72 98 76 22 61 38 26 11 87 30 28 60 91 50 -6 89 39 55 85 -8 45 27 11
10 38 100 35 74 59 76 83 57 34 20 14 85 92 46 87 -2 12 67 67 35 18 19 79 60 98 87 62 35 99 68 51 99 52 89 7 -8 5 24 96 90 13 14 75 53 24 0 28 4 22
43 98 5 45 95 29 16 72 20 -2 0 27 45 34 92 25 16 13 45 58 100 -9 -1 79 25 -8 72 16 -1 11 68 67 75 4 22 -6 9 17 46 26 46 82 38 61 57 46 35 93 57 -7
37 14 60 52 42 85 -9 49 76 79 98 24 88 96 73 85 4 83 57 44 92 26 82 88 18 20 78 76 86 -2 4 10 20 -6 53 61 5 32 23 70 60 10 47 33 93 86 60 25 33 11
26 38 100 57 32 24 28 67 46 92 87 56 54 98 65 79 33 64 29 12 16 61 90 66 99 93 89 9 70 26 42 98 39 45 16 -6 57 23 46 4 22 58 32 35 9 78 40 17 30 63
64 -9 32 -4 36 96 33 2 71 6 40 14 4 51 29 43 7 10 68 13 32 77 21 95 79 -8 24 5 1 58 35 53 77 33 24 3 29 17 12 77 55 4 75 29 -2 53 74 8 85 58
12 26 61 54 44 51 9 42 44 82 79 68 45 31 93 50 3 90 92 15 61 50 31 65 27 82 78 34 6 1 75 21 36 50 -9 72 100 93 80 9 38 21 35 28 21 23 84 5 -7 66
69 54 36 17 73 52 32 26 6 18 60 63 39 45 -9 78 2 71 5 8 38 70 78 19 62 62 20 -10 19 21 82 94 88 63 9 46 46 13 30 2 7 21 28 -8 63 96 86 5 41 69
67 -3 38 73 69 13 51 31 79 49 20 63 24 16 53 -6 65 44 77 59 27 48 13 2 -8 72 7 9 16 25 38 23 29 21 43 49 77 55 21 24 -7 -4 55 85 -10 72 100 67 100 65
70 42 98 9 29 99 54 98 95 60 97 30 35 39 26 16 13 6 82 86 7 -4 94 29 91 76 62 64 91 12 42 6 51 -8 100 -7 4 98 54 2 99 42 96 39 63 55 84 83 44 42
84 0 68 89 65 53 0 -9 7 66 58 13 -4 23 22 -4 69 -5 57 83 72 22 59 72 98 65 9 69 88 64 19 86 98 -6 1 52 93 62 10 22 38 0 93 27 74 39 73 76 98 43
49 0 81 26 49 51 11 22 30 -5 88 35 25 13 89 26 61 76 90 20 1 77 68 60 81 50 8 37 22 83 72 -8 20 13 60 2 55 79 23 0 97 -6 45 -1 73 95 53 71 35 80
32 36 68 21 56 11 17 8 58 31 75 43 39 38 29 23 57 52 86 14 32 40 51 79 33 60 2 76 43 -8 91 42 46 3 16 32 27 -6 73 2 60 -1 9 46 49 55 56 1 81 14
49 -3 49 74 91 88 82 90 87 89 15 62 52 25 28 45 21 5 51 -4 16 86 90 24 50 36 61 60 63 46 5 66 17 -6 98 100 5 85 40 59 75 70 72 34 58 28 50 28 55 84
50 26
62 19 23 77 32 -6 23 39 27 24 66 67 24 8 70 13 69 14 11 14 78 40 89 99 47 73 78 34 1 94 61 36 28 5 12 25 28 83 37 43 87 44 36 35 1 22 -7 59 74 64
61 17 52 99 -7 17 -10 68 77 86 74 38 37 66 43 40 77 43 52 40 98 92 91 36 43 10 42 54 -4 80 -9 52 28 20 16 46 75 62 56 47 65 79 50 24 -1 73 8 82 70 13
36 36 15 88 33 74 92 63 22 -6 70 99 97 67 71 26 6 -5 90 2 5 70 98 76 69 60 3 11 3 100 23 15 28 -4 -10 68 73 89 32 18 94 22 93 14 -4 5 84 34 69 55
67 22 44 17 -9 -9 -2 -1 -6 96 17 86 54 14 37 4 47 51 6 36 24 0 95 58 14 -8 27 22 24 15 3 41 36 72 91 1 74 58 76 0 32 39 68 64 83 42 5 58 92 53
30 64 45 96 37 99 38 63 14 21 88 17 90 43 55 9 35 65 80 55 79 98 77 84 25 16 76 45 14 10 45 100 28 -4 76 75 71 90 37 67 78 40 15 90 42 24 60 32 65 53
5 27 66 92 52 76 75 88 53 -3 75 84 49 45 91 100 49 -3 59 80 84 53 77 33 44 99 -6 80 8 73 86 45 39 26 95 83 11 34 47 52 82 93 87 8 3 58 93 61 71 44
40 70 40 2 -9 -5 15 37 62 92 91 96 12 91 78 -3 21 76 42 90 48 78 82 23 97 26 22 21 42 39 64 100 54 24 75 38 66 -6 -4 0 86 6 16 -1 -1 56 -10 -8 19 92
67 64 92 3 94 94 15 33 93 59 98 78 67 55 40 96 18 25 19 58 57 -2 80 67 78 52 92 29 50 55 2 54 7 3 54 63 39 43 86 57 2 50 81 12 12 -4 69 77 46 12
20 59 87 62 29 54 6 42 -4 67 80 10 75 -1 54 -7 85 95 99 9 -10 99 54 48 45 40 41 39 50 80 40 30 10 14 62 91 81 35 -4 13 35 63 37 -4 31 66 49 60 12 48
83 35 82 15 11 66 1 87 92 46 65 83 13 68 32 0 55 95 86 69 71 89 90 70 96 87 80 16 78 25 17 11 27 22 -10 14 59 92 13 73 42 42 63 85 89 48 47 1 97 85
87 67 28 27 92 12 -5 30 55 86 84 38 99 88 13 47 19 24 -2 4 73 98 46 11 50 38 62 51 79 47 29 60 14 66 49 26 45 -9 65 85 64 58 50 100 86 90 52 65 2 35
75 68 22 84 35 12 60 -8 38 27 70 79 -7 -2 69 81 41 89 -5 48 69 69 30 4 65 1 47 94 -3 72 24 85 63 23 -6 91 66 -1 88 40 20 75 95 26 30 -1 5 29 78 35
67 79 44 23 100 100 51 -7 75 98 39 49 58 2 73 59 70 42 -10 56 41 44 -9 52 59 78 65 69 21 91 12 97 1 78 78 34 66 57 51 43 41 1 21 72 56 63 1 -10 14 5
-3 70 51 60 75 30 40 65 -3 70 96 33 59 7 91 95 49 49 31 61 34 49 39 34 53 36 36 65 92 -3 26 80 -9 32 42 19 57 90 76 21 14 7 25 49 0 16 53 10 0 7
2 90 98 23 44 -10 70 64 55 12 -4 57 16 44 23 9 -6 88 83 72 71 -4 80 24 81 51 20 3 24 76 19 80 29 2 45 77 78 74 18 22 47 64 59 89 12 6 -8 20 0 11
76 86 22 -1 52 57 21 48 88 64 49 48 80 91 86 35 63 79 6 39 57 -4 17 0 9 70 80 21 -2 71 4 33 18 72 74 46 22 13 75 62 45 36 -8 8 94 9 26 15 57 52
95 90 83 20 81 98 78 86 15 60 5 30 20 -10 85 60 -4 87 -1 44 67 68 1 94 93 69 82 2 -7 33 -2 18 38 82 46 13 22 92 89 69 77 45 18 55 70 88 34 90 95 68
43 55 34 42 14 12 1 48 48 30 66 89 51 80 49 -5 5 24 77 11 78 68 93 80 68 80 57 35 21 52 32 62 96 7 6 13 8 19 53 40 4 57 16 69 28 -10 -6 74 28 42
13 100 26 85 60 9 31 57 62 54 73 24 56 9 38 79 83 85 16 20 14 39 36 60 15 52 63 74 97 57 47 19 27 37 83 33 15 96 70 -10 32 62 78 72 70 74 79 43 0 80
67 -2 89 87 90 -5 32 -8 38 11 6 53 89 46 93 39 -2 94 21 64 76 65 57 83 68 19 30 44 10 75 31 33 80 84 12 64 73 48 91 63 26 78 50 94 96 65 29 62 67 36
82 83 59 83 26 45 17 14 39 82 96 28 -8 -8 10 47 3 22 94 17 70 76 19 77 72 8 40 24 97 -8 97 20 22 95 16 28 30 12 21 44 92 -2 83 -8 78 91 79 31 28 97
36 86 15 79 77 -2 97 46 18 19 19 80 25 22 7 50 -7 31 9 -6 88 76 73 17 -9 14 52 68 52 36 11 95 47 53 29 71 29 38 25 51 24 2 60 66 16 96 96 48 67 -1
10 79 60 44 16 46 84 70 4 30 14 11 22 27 -8 40 -4 66 -6 12 25 54 2 6 75 69 20 59 66 -3 29 16 -5 47 61 95 96 65 49 35 -1 73 70 19 86 39 84 0 94 26
56 -3 28 72 41 82 62 56 100 22 86 98 69 77 49 77 38 27 37 72 85 78 35 48 49 99 -5 13 100 27 45 14 -8 41 16 88 53 61 96 38 71 -4 67 23 -3 95 58 96 3 50
6 -2 25 56 7 80 45 33 48 46 88 53 -7 39 81 2 17 5 -9 30 0 25 12 25 28 97 100 -1 99 36 11 32 8 44 72 77 81 43 47 -5 25 57 14 1 12 80 56 7 4 51
96 21 27 58 45 98 13 9 97 34 46 82 17 15 3 48 54 35 63 20 45 85 87 -5 31 4 40 49 3 29 21 54 61 57 15 42 43 90 23 64 15 -9 -2 24 32 74 53 49 72 93
45 72 34 2 -10 14 33 18 -5 33 96 4 -10 61 63 9 97 52 93 77 81 45 85 80 55 81 25 58 49 76 28 64 22 68 75 97 39 79 6 5 49 60 15 91 16 93 -6 84 74 65
11 52 88 98 62 2 11 58 63 68 26 47 -7 54 33 58 29 75 67 88 25 20 79 37 81 13 81 73 75 71 19 62 -2 61 2 44 75 14 21 92 21 85 47 84 1 -6 50 84 14 4
22 95 62 56 56 30 -7 65 39 14 1 99 -6 31 17 49 -8 2 48 70 -10 74 46 58 7 27 82 30 32 82 88 32 24 44 26 18 67 91 44 -8 58 -3 22 61 31 91 97 47 95 25
98 70 -8 32 90 65 61 47 32 76 42 35 94 -4 22 84 86 51 80 44 -7 31 39 -6 91 11 -2 41 23 99 84 68 61 32 91 3 11 35 69 87 63 39 62 4 75 -6 2 7 40 19
49 69 27 19 78 11 61 57 69 26 58 -8 68 26 67 83 6 68 60 11 27 -9 18 47 19 1 18 89 55 63 22 57 90 16 38 78 84 13 52 -10 12 37 46 80 83 -2 51 63 3 -9
74 40 80 -9 23 50 84 78 34 -6 57 65 51 89 24 56 48 40 47 67 -1 92 27 81 12 4 12 91 88 66 2 62 5 27 60 -7 91 16 68 100 71 51 19 5 16 -8 64 59 94 12
27 78 22 47 37 43 7 66 83 -7 95 71 26 -8 29 83 87 49 72 99 68 51 61 64 29 95 78 98 3 95 37 8 81 68 1 73 -8 88 44 27 52 49 -3 28 29 24 93 80 -3 -5
39 95 48 41 32 84 80 1 35 73 -1 37 12 62 59 41 83 85 65 22 28 20 75 70 71 9 74 76 -1 26 63 12 38 76 4 94 8 67 60 63 30 76 9 71 10 61 72 49 60 14
63 86 -3 -9 94 63 100 77 20 94 0 53 35 82 86 32 7 33 28 72 53 96 -7 23 70 76 88 88 8 -10 -7 81 44 75 53 99 37 21 98 93 1 61 53 21 18 57 46 37 27 32
75 98 60 98 -4 55 52 -1 65 3 25 54 94 68 32 88 11 61 0 26 6 -7 6 57 78 60 7 20 79 65 24 64 21 96 57 99 67 47 34 54 77 54 48 79 85 97 90 20 -9 -3
43 48 96 57 92 32 4 42 60 34 99 16 5 18 89 79 68 26 57 65 85 35 31 -9 49 60 3 30 91 44 85 28 62 80 53 -9 52 68 49 48 -7 66 65 22 27 73 75 69 6 98
73 70 0 -6 84 36 91 20 -4 51 21 22 21 -1 33 52 -1 96 18 14 5 61 47 8 -10 51 -1 99 32 19 -8 -6 76 84 55 60 19 17 7 3 4 15 -8 60 17 27 17 1 88 72
21 59 100 86 22 86 91 34 5 40 71 72 58 16 7 6 84 94 88 95 75 23 35 -8 73 42 82 73 71 67 96 1 18 85 6 70 38 40 59 71 98 47 85 -10 30 57 100 2 -6 95
69 60 81 83 87 85 -5 39 69 47 50 81 85 66 37 33 73 47 92 17 45 24 77 77 91 -6 -6 69 -2 82 59 49 35 3 12 10 11 57 79 70 91 5 55 85 88 70 0 68 53 81
37 13 -3 93 64 -6 27 21 79 76 95 -3 50 74 92 99 98 52 76 80 36 29 38 45 11 53 61 13 -9 62 -1 20 74 31 99 13 88 68 4 7 79 82 37 98 67 97 2 86 97 86
84 55 0 80 58 57 40 75 74 44 -7 63 37 48 6 90 51 85 79 -3 24 45 73 89 -8 84 50 51 41 55 91 39 36 93 26 66 19 80 14 65 89 41 7 4 27 22 50 30 79 41
9 40 86 48 1 96 11 95 25 -5 71 48 49 29 39 14 24 85 48 73 21 74 100 62 84 1 79 4 62 -8 66 -8 21 86 28 83 48 25 35 45 10 56 47 54 56 8 92 69 -10 64
74 8 52 95 17 -3 84 96 13 69 68 72 72 45 10 56 41 12 24 19 86 98 29 0 78 83 83 62 4 -5 -6 44 81 21 16 89 62 92 63 10 67 42 1 40 16 24 72 73 80 90
7 28 40 43 17 4 97 10 95 39 3 55 28 42 -9 -4 65 35 78 66 99 96 87 -1 70 39 12 0 48 21 80 89 49 4 41 62 41 63 84 15 34 86 35 33 48 63 -7 0 6 70
35 71 66 95 7 79 65 50 60 50 42 66 -1 12 28 76 81 -10 59 69 83 96 94 72 70 64 12 29 49 51 57 86 8 38 31 57 14 63 83 62 54 30 -9 5 26 32 70 73 23 35
97 33 93 27 40 56 -7 12 51 68 57 18 28 36 40 58 -9 84 85 11 62 36 88 31 61 7 72 1 20 60 93 68 62 38 89 92 44 89 65 2 16 44 42 95 14 -3 9 41 19 63
41 74 74 49 97 96 54 12 83 28 80 63 73 39 12 22 30 58 40 70 65 6 36 6 28 27 94 35 29 65 55 -10 16 32 29 17 4 14 22 6 57 98 -3 29 40 -3 71 -8 18 13
52 20 96 1 19 94 40 36 17 54 90 47 24 -4 -6 42 77 87 42 61 68 54 20 3 89 2 93 30 56 36 -1 16 40 44 42 14 48 -3 68 89 13 46 -4 7 1 3 42 53 80 -7
74 -2 57 57 -6 5 -1 24 47 54 7 58 69 71 65 86 67 50 10 51 16 60 76 -6 21 10 81 48 -1 48 32 37 59 14 7 7 3 87 49 -10 -3 65 37 81 41 83 50 100 12 79
50 45
4 36 97 91 96 54 58 60 55 40 12 14 11 53 22 68 75 76 77 13 44 -3 30 42 91 13 92 67 71 93 -8 29 28 89 70 54 33 58 71 55 33 88 68 6 85 41 42 49 -4 40
44 55 53 40 99 57 87 48 17 55 23 63 8 62 -7 83 22 71 22 43 -5 72 26 8 74 85 85 -10 73 -6 65 24 54 55 13 23 60 5 8 69 -6 85 33 88 31 12 24 78 69 20
99 98 66 39 -5 31 83 89 60 31 31 43 28 4 1 30 10 40 4 0 67 43 -7 96 69 11 55 36 81 16 1 50 76 7 -3 -10 62 86 6 9 6 41 15 14 35 73 21 -9 98 32
24 10 21 78 8 28 37 97 24 -6 64 48 48 66 72 -5 -8 58 86 53 -7 19 33 -4 20 0 43 51 100 24 98 48 8 42 65 83 9 9 69 24 98 50 33 74 95 77 58 60 -1 9
35 84 72 17 77 75 43 21 32 39 35 40 27 6 43 51 100 65 60 78 -5 11 99 72 53 2 99 30 45 37 -7 14 19 0 20 85 16 48 12 87 -8 33 17 20 92 19 89 94 89 -4
58 11 19 57 -9 85 42 97 40 36 88 96 14 26 25 26 11 93 59 49 11 52 57 34 28 6 60 89 79 87 11 62 32 79 88 14 31 -7 -6 77 35 33 82 84 72 1 56 79 42 79
77 24 -2 90 47 43 83 60 72 70 24 4 72 3 57 3 2 49 6 83 45 26 3 39 43 24 69 48 63 40 99 30 27 16 11 14 35 11 43 11 8 95 51 -3 80 26 51 43 5 82
74 32 87 29 42 79 19 14 58 54 98 3 19 4 38 52 17 37 -4 63 3 62 43 52 30 39 20 4 81 52 58 70 -1 84 86 5 95 94 67 -5 84 73 55 70 100 5 30 38 36 55
-3 0 58 -9 92 16 16 37 29 43 14 -6 6 63 40 55 82 65 83 20 89 1 87 5 7 58 16 67 42 27 84 27 -6 44 57 28 84 -7 2 92 23 82 66 43 68 64 31 38 56 70
-7 78 28 43 -6 72 59 -9 97 15 37 98 94 25 83 14 -7 14 23 68 8 96 93 -4 46 83 48 75 81 76 20 11 18 30 90 92 80 97 23 89 19 56 21 39 85 67 72 22 89 -2
50 19 -9 100 65 26 3 13 36 50 89 63 13 91 86 20 100 59 90 24 92 80 62 56 45 16 20 100 34 92 -1 25 93 11 31 43 65 95 3 43 57 73 49 68 97 40 24 24 51 -5
90 76 16 -7 38 52 46 76 26 100 100 63 33 16 15 -1 73 89 76 40 45 87 57 71 35 -8 7 86 3 61 67 33 78 39 23 40 77 -3 92 5 50 72 70 40 87 12 30 96 62 86
14 -6 24 34 87 93 18 50 22 89 72 87 73 42 31 -3 2 53 40 -8 60 -8 76 66 -7 59 66 90 41 99 10 83 86 67 26 54 87 7 90 -5 78 72 24 15 35 64 84 16 25 -1
-1 47 8 23 76 34 13 84 44 63 61 54 59 90 40 30 49 96 9 41 6 61 65 44 94 -4 43 33 24 48 60 54 53 18 73 17 16 35 25 31 59 18 29 46 52 47 42 50 36 42
68 10 58 65 44 71 40 81 96 48 65 7 41 88 0 67 31 -8 56 15 49 55 59 87 -6 98 90 100 91 87 69 85 67 14 24 19 29 43 33 87 39 -7 78 56 59 23 4 15 100 85
-7 9 43 1 -8 65 56 -3 9 27 98 65 70 36 7 16 -8 44 95 17 83 12 64 32 89 -2 85 32 80 36 63 87 76 93 47 48 19 72 63 -4 16 78 59 -7 18 9 80 63 88 66
-1 30 34 75 47 17 3 20 63 91 99 53 95 86 94 7 15 73 -5 -5 31 77 43 9 36 47 29 -10 95 77 -6 90 56 -4 68 92 54 85 80 55 35 6 88 3 1 89 39 39 -3 -9
-10 -7 71 80 93 89 55 31 14 45 55 62 10 68 85 33 38 24 59 -2 43 53 5 4 47 21 93 25 63 62 17 51 72 78 50 78 87 11 95 95 80 63 34 55 -3 -8 100 9 61 73
-9 98 37 53 27 66 12 68 31 35 52 99 2 23 26 6 -4 -5 47 69 -7 50 2 17 95 42 76 34 93 99 48 33 46 92 90 97 1 73 48 17 95 71 10 51 2 12 -8 -1 -3 19
56 58 84 55 90 -7 21 39 56 49 48 49 33 10 39 7 44 27 87 78 72 63 63 47 56 21 73 74 91 79 7 48 -4 -1 78 53 19 40 44 34 58 -10 80 83 36 5 93 95 12 42
35 64 23 50 3 10 56 61 -7 33 2 55 55 31 85 10 80 76 25 59 22 64 58 96 71 39 51 90 31 35 47 8 -6 53 67 53 66 52 98 27 94 0 8 42 2 47 -7 30 91 82
54 -5 1 87 70 92 30 5 42 -9 100 70 -4 93 69 48 29 42 95 28 77 44 42 72 3 81 -1 11 35 45 34 53 69 28 97 32 77 5 72 49 50 83 11 7 12 27 55 7 -9 72
30 90 -6 -8 -5 51 92 54 94 70 22 81 67 71 58 0 -4 70 88 -10 92 55 98 -1 96 92 24 96 91 7 -4 4 92 66 67 58 78 33 51 7 17 -8 16 64 82 68 55 18 50 28
46 -4 99 51 60 38 32 62 9 21 98 83 -2 70 55 -6 73 70 29 17 -6 56 66 25 91 42 89 2 9 -5 65 99 10 95 87 52 43 45 42 54 24 50 36 28 43 56 58 -3 80 7
87 36 47 8 10 61 77 63 65 61 24 -4 1 70 17 67 21 70 -6 39 98 41 18 78 34 67 9 1 62 98 5 81 0 -6 27 69 73 78 19 24 -4 18 -9 25 48 94 87 56 93 21
13 55 -9 47 44 64 48 4 82 43 53 43 68 76 100 20 23 43 18 53 5 -4 -7 50 61 -5 5 82 83 60 94 -7 67 45 69 76 90 49 -10 16 71 43 20 36 87 84 38 48 25 22
89 8 -1 -7 13 66 75 72 55 81 41 46 58 20 68 43 39 44 13 42 0 57 0 54 77 84 97 98 60 94 98 6 31 59 6 56 53 56 81 34 36 16 69 76 -10 94 -8 65 12 7
61 -4 85 -2 14 37 35 75 19 21 70 27 72 52 8 57 4 14 85 10 23 97 41 21 34 -7 55 78 23 27 -4 85 74 26 59 -9 12 22 -10 95 11 14 35 40 26 88 96 73 43 97
96 24 36 68 97 41 16 60 29 29 95 42 34 75 73 -7 5 79 34 23 86 -8 53 87 30 32 77 83 42 44 87 0 61 52 -2 93 96 1 90 36 19 28 13 -7 5 13 77 31 18 70
87 76 1 11 38 87 59 80 61 33 -10 2 88 97 46 90 54 -6 16 8 68 35 -5 86 94 26 35 88 68 59 81 20 40 56 38 -4 50 -4 29 90 44 54 32 47 6 13 23 3 48 74
72 18 16 82 73 10 88 26 27 12 -1 -3 82 66 7 16 -8 -8 65 65 13 79 48 89 45 34 -2 18 30 39 12 20 12 6 14 86 -7 99 37 89 48 47 99 39 72 47 4 24 0 73
-8 32 74 68 37 74 47 9 48 59 84 33 63 -4 100 -7 56 1 19 31 44 92 70 54 99 16 94 63 1 1 -3 -1 97 44 100 25 52 10 4 -1 58 12 86 56 26 86 47 83 7 83
75 38 -3 39 2 44 68 43 33 93 -2 34 35 25 0 100 70 18 50 -8 76 5 57 55 18 58 12 51 33 62 45 74 0 72 35 78 11 68 12 85 40 98 28 7 45 85 74 19 3 5
15 56 67 40 17 43 62 5 3 42 14 17 97 52 66 78 -10 5 63 64 45 46 21 93 -4 98 -2 61 66 82 34 75 73 6 66 20 100 11 38 45 96 -9 95 26 5 85 61 45 67 30
13 50 59 13 12 71 5 40 80 50 36 47 95 41 14 27 33 92 26 0 -3 37 70 72 -7 7 17 96 0 37 -2 -2 36 27 26 65 32 98 97 24 43 40 22 74 59 -6 67 36 40 22
21 1 12 55 2 60 69 43 -3 98 80 1 9 47 35 98 0 -4 70 63 11 2 74 87 1 29 -10 32 20 76 12 58 86 44 40 69 96 30 87 62 33 49 56 61 12 67 98 85 23 21
75 67 78 75 51 85 0 16 98 -10 57 71 67 1 -7 30 67 33 36 34 9 68 49 19 9 74 67 1 80 30 91 75 21 57 30 99 57 55 -4 11 48 25 8 45 24 94 -3 60 50 23
3 95 54 81 -3 2 25 13 45 85 76 92 34 71 1 24 18 83 46 38 -3 41 70 34 -5 27 22 29 41 54 52 43 91 70 81 36 77 83 61 41 27 12 93 49 55 88 94 81 14 40
71 -2 -6 37 -9 34 88 46 84 68 32 30 89 51 35 94 58 54 55 36 65 60 43 -8 37 45 78 78 81 8 27 100 70 -7 25 52 68 80 76 94 -6 5 58 0 -10 0 49 11 59 95
74 6 37 37 82 41 60 40 67 -6 36 84 31 30 12 51 3 100 57 73 60 19 100 3 82 60 -7 59 2 22 -4 34 84 -7 78 22 16 93 63 61 30 51 36 69 39 -2 55 56 50 -7
29 64 88 93 80 77 -5 59 66 29 57 97 4 18 -6 6 4 -3 6 -10 0 51 28 67 61 77 16 86 80 72 47 54 9 73 83 98 33 97 50 52 26 32 98 27 44 -4 98 -9 8 64
54 -4 40 38 94 18 13 49 81 53 21 45 88 84 73 71 78 41 51 80 6 7 91 20 84 25 53 47 98 40 96 85 22 59 40 25 80 26 9 -3 41 27 82 71 78 15 85 89 20 48
59 90 75 5 56 92 0 25 48 90 44 47 61 79 34 -1 -8 19 82 94 73 15 34 91 7 54 24 35 75 25 47 -8 53 39 81 30 37 96 -7 92 -5 10 32 79 47 67 -1 5 16 65
86 58 46 59 3 20 -7 79 60 89 32 43 26 98 55 81 36 25 75 0 68 -1 22 41 55 59 80 14 93 90 70 -7 34 45 51 61 12 91 96 19 60 73 24 93 -7 33 1 81 37 55
98 48 51 70 56 4 43 32 0 15 37 77 85 44 83 39 75 63 40 3 40 61 14 33 16 45 96 94 31 -6 9 98 96 34 64 51 2 48 3 10 42 47 57 -7 22 55 89 -2 58 82
96 45 13 43 13 72 5 3 24 63 21 88 37 0 -7 -6 18 58 65 40 -10 87 30 0 -4 12 93 4 77 9 79 -3 93 73 -3 81 93 70 30 42 73 34 26 86 43 8 72 4 4 31
29 0 89 78 46 98 42 2 45 20 89 10 10 13 43 69 34 -9 93 84 4 69 51 92 22 34 87 98 12 87 3 100 28 46 9 65 50 69 -4 27 24 1 32 61 24 42 72 -7 18 86
-5 58 53 4 29 38 40 20 100 34 50 78 12 83 -5 63 70 65 2 52 15 74 16 18 83 59 11 93 7 91 -10 35 1 72 8 45 40 -1 76 32 26 40 79 4 17 -9 49 50 53 97
67 99 96 85 88 77 32 93 53 -10 48 32 2 37 46 -2 8 73 32 -4 41 97 32 2 84 -1 35 1 97 76 34 47 56 6 79 71 66 5 83 55 6 16 29 19 54 20 -1 -10 17 42
56 24 66 86 44 66 74 40 13 56 -3 48 98 100 50 93 -4 67 99 53 22 90 32 99 98 25 10 67 27 -6 29 15 30 95 76 74 30 52 47 35 48 63 52 83 -9 36 74 16 71 22
50 47
37 9 82 33 92 8 83 44 29 85 39 54 37 1 50 5 1 25 -10 5 78 7 57 4 43 13 32 62 43 23 45 38 14 67 -1 14 52 67 13 90 0 32 -10 25 68 76 94 51 84 31
12 18 -6 67 47 -7 8 82 19 66 81 51 -1 3 48 3 81 81 36 25 91 49 98 83 11 48 76 9 56 89 -8 36 96 70 34 70 29 70 15 43 77 74 17 -5 48 28 44 57 3 26
28 84 8 72 5 32 -5 9 97 1 31 69 87 44 1 100 26 44 80 95 60 48 56 3 0 64 8 57 58 25 -7 59 4 21 25 10 40 91 35 69 51 97 3 69 61 71 77 55 15 5
32 75 59 35 51 43 11 94 43 76 100 93 94 29 27 58 55 -2 14 72 -10 -5 80 84 3 62 79 56 25 16 49 2 10 68 37 45 -6 25 30 2 54 86 69 19 39 16 80 28 31 69
4 71 23 5 -6 48 16 67 44 -4 -2 -3 8 -2 -9 38 4 17 -10 14 81 -10 18 27 39 23 77 56 0 78 31 45 1 -10 26 41 -3 16 71 0 74 12 38 33 52 19 89 94 97 47
53 81 89 20 38 46 89 2 40 31 90 58 62 42 24 7 64 15 -1 21 68 2 0 83 24 36 40 35 41 78 24 -1 68 51 -1 47 95 -2 79 11 59 91 15 73 1 2 51 3 39 3
87 6 89 61 73 7 17 38 76 -1 64 79 34 76 33 95 17 -2 39 44 29 44 42 -10 10 27 77 89 51 54 96 27 -4 78 57 25 -2 52 5 84 28 69 0 10 74 11 45 57 39 58
31 16 52 95 24 97 92 3 29 36 74 -1 13 80 76 92 2 75 61 82 29 79 3 99 27 39 19 -5 71 89 44 88 71 40 92 7 64 17 71 90 98 23 -4 54 51 37 50 19 9 -9
9 50 95 55 9 35 34 9 67 91 80 -1 2 5 18 0 29 68 59 98 62 69 64 20 51 86 81 81 63 21 50 30 29 0 23 -1 40 61 23 69 36 72 53 42 36 31 0 73 23 12
89 43 93 40 68 41 59 44 60 -7 86 24 24 64 40 46 1 99 92 71 89 60 86 90 75 53 49 56 95 69 90 -4 71 9 88 90 55 74 80 2 -9 33 70 70 51 14 -10 35 0 8
73 69 7 -3 54 11 11 -3 60 -1 37 68 22 61 97 69 79 85 41 92 23 93 52 29 43 69 73 61 41 16 11 71 99 45 6 52 0 97 19 11 65 31 86 31 59 93 73 33 35 99
57 47 -10 -10 -3 19 -4 48 24 -5 52 84 70 41 48 39 100 87 78 97 81 35 62 -9 55 25 95 73 51 90 58 37 36 47 54 68 89 83 74 70 17 8 -1 54 39 58 10 -8 30 11
33 67 67 88 72 22 28 16 60 64 2 -3 69 2 82 0 84 43 22 71 -3 55 73 -8 38 60 65 63 16 30 26 -5 50 8 8 27 76 29 8 -2 9 33 71 8 66 82 76 25 58 79
90 28 23 32 92 32 30 41 57 0 85 45 12 74 15 1 -5 79 70 68 92 8 45 71 17 88 16 58 6 65 51 -4 11 75 21 87 62 61 86 9 80 66 84 47 0 9 92 41 72 83
13 32 -2 44 91 53 37 84 32 100 38 17 16 12 88 23 11 52 51 18 11 58 40 3 50 7 44 93 43 8 83 42 63 89 18 21 -8 36 4 25 59 1 99 77 100 51 31 33 69 31
13 39 87 55 13 48 98 45 7 22 23 4 73 42 70 66 86 37 87 97 15 56 84 -1 9 45 54 20 60 100 10 20 57 94 49 88 95 92 37 91 48 98 70 79 40 97 -3 10 71 38
40 -5 84 80 6 -8 30 80 95 84 48 11 95 -2 3 76 -4 13 8 9 21 38 55 45 49 84 95 17 69 -10 8 19 -8 100 12 86 41 94 50 72 100 79 3 15 84 42 11 52 78 91
84 44 -3 -10 -8 30 75 61 -1 40 99 8 44 22 -5 85 21 -7 93 93 91 -4 93 -2 45 46 99 43 57 60 71 10 66 39 31 62 22 51 -8 92 11 93 33 85 66 78 37 35 69 -9
79 14 3 48 42 7 54 33 69 37 95 94 26 73 77 -7 40 75 68 14 35 78 9 86 71 85 80 -6 94 67 98 52 29 65 12 13 81 19 54 82 -10 21 91 39 59 49 64 84 49 27
57 34 33 99 91 79 11 -1 56 9 16 5 94 81 41 66 88 66 45 72 -2 89 -3 45 45 42 66 48 64 14 4 64 71 4 33 84 88 40 83 75 -9 15 60 90 54 89 17 26 32 7
97 2 24 60 -5 93 3 24 12 92 -8 -1 60 28 83 37 13 65 72 68 100 -9 44 35 97 79 -10 -5 78 98 85 55 11 74 11 38 23 34 98 -9 32 40 24 50 90 12 9 45 65 33
51 39 100 73 4 69 12 83 85 77 58 40 90 15 69 65 39 59 1 83 -6 46 94 72 81 34 67 -3 59 46 70 68 98 90 67 23 52 20 -3 97 50 15 -4 75 5 2 74 31 77 78
77 -7 52 47 40 86 87 31 2 42 34 81 48 48 39 96 20 -8 41 -8 69 81 84 23 14 40 69 2 10 -9 84 -6 50 2 60 36 -4 49 -10 51 84 69 81 21 79 66 92 3 -1 71
30 13 -7 19 38 78 -4 73 3 45 87 73 78 66 42 -10 65 53 84 12 24 10 60 39 87 96 65 12 64 31 63 67 49 80 84 42 12 64 42 31 59 92 31 9 -8 81 45 66 90 5
34 41 38 -7 -8 -4 75 93 -3 59 80 77 22 -1 -3 26 0 12 7 8 78 39 66 48 94 9 33 74 74 22 78 -5 74 -5 83 56 10 48 33 41 82 92 31 54 18 75 79 52 50 3
6 -5 73 35 47 5 81 85 49 17 88 90 27 59 39 43 23 59 41 7 21 5 59 97 40 66 37 98 21 26 -9 71 91 93 9 18 80 77 32 68 -4 96 48 6 -10 81 25 51 80 67
84 7 92 86 90 100 63 -2 50 52 24 -2 25 -10 -6 87 90 13 67 82 30 93 22 54 -9 73 77 50 87 -6 93 97 7 27 81 -8 10 88 62 49 43 37 -10 71 10 17 9 31 4 16
27 2 63 3 6 45 23 79 68 92 36 2 23 39 12 85 41 59 63 23 55 11 39 34 84 70 0 14 24 12 27 -7 94 43 6 54 77 38 53 58 6 14 37 75 73 48 88 56 50 71
12 43 45 59 99 91 36 6 39 64 98 72 -6 60 56 40 90 55 67 56 -4 100 26 72 -10 -10 99 43 60 88 82 68 16 100 76 12 7 29 48 4 34 35 25 92 60 55 68 39 55 49
88 -10 77 20 36 8 90 17 61 75 10 63 92 18 89 17 43 86 53 96 19 79 73 63 8 0 88 80 11 76 82 21 2 83 26 95 1 45 53 -4 40 53 55 15 26 80 7 39 41 54
89 85 96 39 97 87 -3 67 2 -2 49 28 33 53 38 60 72 23 -6 36 -1 24 27 100 65 50 43 92 67 77 88 79 0 65 81 39 38 78 25 31 65 90 73 56 96 59 55 100 11 -5
51 55 9 29 6 57 59 18 43 51 25 40 34 64 98 0 52 48 50 39 51 10 98 19 27 99 81 96 75 22 21 1 87 21 58 95 4 8 37 -3 90 96 -8 22 32 35 -7 56 -5 19
60 11 27 14 14 61 75 53 -2 30 73 95 52 97 49 29 30 89 32 80 2 61 83 15 30 10 -9 21 -9 20 87 62 54 63 100 92 85 77 13 44 26 58 92 35 83 38 63 55 9 89
64 94 74 84 44 99 83 2 96 48 19 52 95 -5 50 -10 1 42 86 15 45 38 45 73 63 27 40 49 81 12 1 86 21 50 23 93 74 36 53 80 27 29 87 -4 46 43 9 -5 94 46
100 82 30 58 83 -4 -9 74 34 48 46 76 87 17 100 15 45 71 67 61 30 0 17 2 5 25 33 93 64 21 97 13 85 24 88 39 45 31 62 77 70 91 71 81 14 36 -3 11 74 4
94 97 11 36 54 8 25 9 20 1 84 28 53 16 24 30 43 -4 95 -10 95 75 98 32 95 23 99 36 80 -10 85 71 10 50 50 14 75 15 67 14 84 7 28 88 36 41 52 0 61 70
93 82 51 15 55 63 -4 40 69 55 0 65 -3 87 33 79 35 66 67 24 46 90 98 7 22 37 81 2 34 41 67 41 68 100 65 99 58 29 89 15 75 38 23 5 92 15 92 -7 50 60
25 91 42 72 93 -3 56 8 60 48 -8 67 74 88 -3 47 39 33 23 68 93 39 27 -2 92 62 4 60 62 42 85 -4 -2 85 12 58 64 4 29 48 92 31 34 75 35 100 -4 94 45 56
16 100 25 93 94 78 11 8 -5 24 60 69 9 89 24 94 24 98 6 45 3 5 80 -1 36 100 52 90 64 7 81 56 42 5 1 92 0 26 43 34 80 49 56 95 74 54 24 30 32 86
74 94 51 58 20 41 80 80 43 90 49 20 28 0 41 57 45 28 70 62 0 95 99 75 93 28 91 46 77 77 82 23 92 51 -8 9 69 71 25 66 25 5 71 89 54 51 72 7 -8 86
78 37 95 16 34 88 41 60 -9 85 65 -10 -9 89 17 81 24 14 48 37 0 -6 -1 39 21 36 27 66 89 99 34 67 15 54 55 20 46 62 55 74 87 64 72 14 80 19 28 17 70 10
-9 18 10 77 86 82 30 71 71 53 40 43 65 1 44 65 76 73 38 80 94 18 83 75 11 90 90 72 47 66 21 67 59 88 37 72 48 86 -6 77 95 6 -8 87 15 27 100 17 11 77
97 97 58 34 16 59 6 90 95 62 46 82 36 51 91 86 17 91 7 81 44 12 36 73 18 -8 -1 -9 76 12 51 -2 78 51 32 39 28 48 42 29 2 49 -3 98 51 -4 -3 84 79 39
55 -4 40 23 69 72 93 -1 37 74 39 -4 36 50 14 100 -2 58 100 76 90 40 92 52 -1 80 69 75 46 22 57 7 49 28 46 -8 38 12 44 61 86 75 35 68 63 67 -1 -4 68 31
-5 57 44 73 21 -4 31 -6 71 85 99 98 62 25 5 19 84 87 75 39 48 97 37 4 91 82 97 51 -1 30 -1 69 78 35 55 37 58 95 50 -6 52 56 96 8 89 60 40 89 37 50
90 -2 12 11 80 13 -3 90 43 79 83 34 9 41 80 32 -10 88 40 83 13 71 70 24 1 30 97 35 50 52 -6 88 36 42 100 38 71 7 80 19 -2 -8 25 -6 28 46 6 46 -6 0
92 80 64 26 44 3 6 62 84 85 71 -10 66 52 37 83 81 85 34 62 97 -4 48 32 7 70 65 -2 92 55 90 81 37 3 80 13 93 -8 38 99 30 19 -1 9 -9 97 39 83 94 59
-10 22 93 -9 86 78 3 61 60 42 27 40 67 20 46 41 10 54 29 86 1 81 10 22 12 51 94 51 71 90 53 85 17 73 13 14 50 77 35 82 43 -9 30 53 27 92 49 49 37 9
96 59 21 71 83 0 7 61 57 14 9 8 76 35 89 46 81 10 78 78 51 -2 10 66 83 72 -9 66 53 12 100 93 2 75 92 56 86 37 88 -7 95 23 33 2 78 56 -7 1 93 -9
-5 6 63 84 10 37 61 82 44 87 78 -4 18 63 99 63 37 66 42 83 64 -3 43 75 84 53 3 31 82 26 0 82 80 50 41 55 40 73 44 78 12 96 5 71 42 2 86 94 24 85
50 48
-5 86 73 -1 7 88 60 13 73 59 21 18 7 97 91 100 90 94 92 64 73 73 25 28 12 61 87 68 -4 100 73 79 77 99 -4 43 38 -6 37 35 93 69 69 99 9 70 32 63 34 45
-2 36 72 86 87 71 4 100 31 61 54 87 50 97 57 91 59 5 0 28 76 77 -3 70 68 88 81 29 36 -7 53 6 90 35 7 35 79 85 65 18 24 66 89 76 31 23 92 -9 65 88
50 70 88 29 2 78 72 70 99 57 31 26 9 -1 26 -5 48 26 30 5 89 36 -6 39 75 8 38 4 75 73 6 99 84 52 96 -2 54 54 -10 99 58 20 -4 18 28 58 24 5 29 21
73 26 62 91 12 57 80 53 28 97 51 -1 61 14 53 91 12 0 21 -2 -8 66 28 43 39 85 91 58 60 26 30 32 97 -10 75 47 99 16 0 4 -1 15 76 87 75 84 80 27 43 5
49 9 22 99 64 17 61 57 92 -2 41 94 -10 14 60 25 -8 25 9 81 57 39 50 100 20 21 35 53 49 40 90 0 75 22 80 95 72 7 25 27 -4 23 27 63 71 7 90 16 39 50
66 74 92 62 47 44 6 30 8 88 -3 84 99 40 45 55 78 40 -2 33 16 95 -8 56 40 49 56 -8 34 99 65 82 66 11 44 -4 13 88 17 52 10 7 69 50 -9 75 9 58 73 20
83 88 43 -5 14 87 99 86 32 61 27 87 81 80 1 67 23 98 94 65 31 11 17 12 74 71 95 16 71 85 18 6 19 24 91 -10 41 89 6 38 43 69 29 85 -6 29 18 4 -2 79
60 66 55 41 42 91 6 77 38 3 25 46 89 9 73 -5 83 69 17 4 71 89 11 12 -4 50 46 85 83 97 33 20 95 91 20 46 73 81 23 66 13 2 63 13 21 5 -2 30 95 1
8 73 96 57 15 41 77 1 83 64 43 30 38 60 64 92 75 70 14 90 98 28 74 -7 -4 94 60 61 -5 60 53 100 39 96 73 80 -2 66 51 93 -7 71 6 2 74 18 24 36 85 22
-2 56 -9 97 -5 9 -7 22 21 27 69 20 -6 87 63 5 88 24 54 93 73 77 8 69 40 38 15 27 4 20 30 75 78 22 74 99 82 26 18 62 58 91 0 94 21 99 72 -9 -6 94
29 100 88 0 64 0 78 52 4 78 14 96 -10 36 40 19 50 76 15 42 37 29 -2 69 -4 57 100 -4 39 -2 90 60 27 -10 17 1 74 64 63 79 17 36 -7 0 77 -4 100 56 9 61
22 -8 11 50 71 76 91 18 60 27 34 33 -7 13 62 64 -10 11 73 43 80 41 43 20 16 15 -10 96 7 71 56 32 48 47 45 50 11 35 18 14 34 44 73 87 45 52 44 -6 -5 6
82 63 79 62 63 83 8 10 9 51 -10 72 60 75 6 58 98 91 36 58 62 81 54 -10 35 -4 74 86 80 23 62 12 78 57 36 76 65 72 83 15 -5 9 52 16 8 39 67 63 85 39
80 19 16 43 88 -7 -4 66 90 -3 48 78 58 57 92 35 65 79 50 46 15 76 90 2 17 44 27 85 27 85 25 60 70 26 -2 41 9 12 29 30 79 -7 27 42 99 4 59 86 52 -6
25 44 3 86 69 86 54 4 4 81 88 39 15 93 7 70 73 59 91 21 37 69 53 37 61 71 52 39 70 56 75 21 28 15 76 7 96 6 60 93 68 43 55 -6 11 -8 29 83 -7 64
70 54 86 67 6 94 51 21 90 62 28 6 59 70 10 75 56 93 15 12 76 91 48 71 0 74 66 55 17 99 71 73 38 86 74 -2 6 14 5 39 86 51 -10 75 78 54 34 34 77 97
46 8 88 48 35 21 25 37 22 58 79 -4 6 61 35 13 55 13 -9 38 100 100 86 37 86 33 82 83 48 76 55 57 79 78 85 61 68 49 -2 81 62 30 54 95 60 93 -1 94 19 12
39 44 37 41 52 2 -5 71 89 -1 77 25 80 64 24 49 4 84 74 22 45 100 28 50 63 76 88 48 57 26 -6 92 46 76 68 64 38 91 71 92 89 60 49 10 30 7 90 96 98 85
96 1 72 45 24 89 92 6 50 51 93 70 78 97 45 68 93 49 74 32 75 44 36 79 41 64 52 33 27 -5 -8 62 25 57 44 -8 77 31 79 20 92 81 1 78 68 66 96 -7 79 97
12 82 43 1 67 66 18 73 83 82 56 12 70 76 48 77 95 96 30 67 69 86 68 79 68 2 98 72 54 2 40 26 99 18 97 1 18 -7 5 16 23 -8 62 92 46 37 80 35 43 68
19 30 77 9 35 13 6 14 82 34 37 17 -9 80 -10 86 32 -9 21 21 69 1 28 94 15 63 20 21 7 0 26 46 14 25 13 53 57 41 20 97 50 0 92 100 -8 62 77 55 88 97
96 35 28 67 40 75 38 72 92 5 45 -4 86 42 58 20 59 31 0 36 20 60 20 38 -8 45 87 64 52 88 58 -5 8 2 20 61 0 33 60 43 43 44 19 37 98 20 64 9 32 46
91 74 26 59 71 67 32 1 13 27 64 10 86 47 84 1 26 66 84 24 78 75 77 74 79 81 86 -6 57 62 31 18 67 47 96 31 84 12 40 -10 39 75 39 50 29 4 79 12 67 65
69 45 75 38 50 79 78 88 88 15 -10 95 1 13 14 92 38 17 43 1 30 86 46 9 66 21 -8 92 91 40 43 -1 20 29 80 43 -9 32 34 16 56 1 55 11 95 100 98 46 1 -1
58 56 37 68 91 -1 95 46 83 66 -6 66 4 46 52 36 80 -8 78 39 56 97 6 89 86 91 39 52 59 52 78 0 88 48 -8 59 11 -7 47 83 24 45 37 18 84 66 74 60 73 62
3 22 -3 -9 -9 37 95 92 6 59 9 92 19 -4 88 50 26 70 53 21 91 30 92 6 37 38 24 93 95 24 78 47 99 70 21 67 57 45 -5 30 56 80 -3 34 78 -8 95 -10 71 95
100 14 63 6 91 29 83 20 67 46 11 84 36 70 23 36 82 71 31 3 73 90 12 53 74 20 54 92 51 36 -6 78 39 66 60 19 13 90 54 100 48 37 97 15 44 42 21 98 5 64
14 13 3 24 71 79 66 -7 40 34 98 13 -4 -6 85 34 29 37 11 12 98 15 27 46 -10 12 83 26 81 -1 10 93 91 9 36 98 5 -2 29 7 13 90 48 92 28 0 2 45 59 97
55 90 76 62 7 5 43 13 76 16 12 87 48 60 100 7 53 7 24 95 24 55 72 31 31 43 31 91 93 86 94 89 37 71 14 22 51 47 30 45 -6 17 97 90 63 -5 29 44 73 83
15 16 16 17 13 -7 31 -9 74 96 46 83 90 54 3 7 1 94 46 74 28 -3 42 62 28 71 7 52 65 26 34 92 56 86 82 91 -2 34 41 24 82 68 -8 -1 39 61 80 99 77 13
44 24 70 38 22 25 35 22 3 16 41 -8 54 58 1 4 72 18 16 85 20 22 36 43 30 96 50 46 94 30 40 -6 72 3 40 8 75 26 21 -2 5 60 91 77 3 86 78 3 25 19
14 74 62 60 7 93 12 19 43 23 45 60 33 60 81 50 37 1 33 7 11 78 28 0 95 79 33 -4 68 75 10 66 57 61 93 10 26 40 30 15 26 -5 41 44 80 -10 99 87 23 6
46 86 85 -1 37 11 58 1 52 100 66 94 -2 53 34 48 38 20 79 30 79 29 11 18 96 36 98 96 59 20 62 46 80 44 53 62 -8 3 42 88 90 57 10 60 -8 52 40 24 5 13
78 31 31 82 55 59 8 57 18 -10 33 65 27 96 44 37 74 78 39 14 46 16 11 4 88 74 86 27 18 58 99 80 38 39 99 92 -8 27 66 -5 59 57 12 8 40 62 22 33 46 15
62 81 18 100 59 45 3 8 -3 18 55 55 20 62 8 68 84 -9 95 47 43 55 84 80 1 10 0 46 96 92 31 27 20 74 52 94 45 12 5 58 38 28 11 9 82 64 29 69 79 18
49 41 39 66 -5 94 56 95 5 48 39 17 13 72 72 26 29 27 60 85 35 67 -5 34 77 5 95 -4 80 37 12 -4 7 9 44 43 54 -1 68 8 93 92 86 48 90 53 32 97 86 4
84 37 69 8 25 49 0 66 28 98 26 95 -10 -9 23 40 32 88 75 16 61 -7 34 56 19 23 59 51 54 74 85 25 100 74 31 43 64 29 6 0 93 58 24 18 87 56 95 88 7 27
76 72 39 44 40 -7 42 36 0 93 54 -6 32 18 59 63 35 24 74 44 98 98 -6 5 80 49 1 91 32 51 32 93 1 -4 11 29 16 79 76 35 80 52 21 77 80 93 18 44 69 39
84 94 44 15 24 85 9 27 81 31 4 17 57 27 88 50 91 70 -8 46 1 15 41 44 -4 -5 26 75 59 82 31 13 21 14 93 -6 45 54 81 70 74 48 54 22 71 52 1 64 43 21
12 100 1 71 41 9 94 16 46 75 5 95 25 13 25 54 97 57 95 16 21 -4 59 17 19 2 -3 34 90 9 44 78 61 8 35 53 31 64 79 68 66 88 -7 52 41 -2 51 81 -8 9
65 2 96 -2 9 1 64 88 -4 84 87 36 42 16 3 69 27 -7 -1 86 56 100 17 43 62 -1 93 4 43 52 44 88 -2 43 27 59 61 -1 31 65 80 79 77 25 72 11 36 66 62 40
87 64 28 96 4 85 17 0 9 52 89 78 96 67 57 39 85 78 -6 12 9 8 8 0 46 57 76 26 -10 68 70 57 4 23 8 3 56 -8 82 18 42 66 19 87 49 29 39 81 47 25
63 14 17 75 95 98 11 17 52 64 81 70 -3 10 3 60 69 27 58 26 33 21 -9 23 99 32 45 -5 -2 21 97 -9 86 38 93 5 13 -8 83 68 16 18 34 45 4 2 22 65 48 96
70 43 1 0 91 1 46 13 21 69 52 76 38 67 56 81 73 43 58 44 44 40 72 55 -9 60 43 65 7 -4 19 47 -3 31 -1 65 30 30 13 51 27 29 48 45 43 100 78 22 72 51
0 41 67 -3 -4 12 66 17 71 83 -6 95 60 14 35 -5 87 -8 -10 21 38 87 51 28 80 -9 -9 24 36 96 96 69 91 48 25 76 29 30 70 66 76 60 35 42 62 9 85 4 37 70
52 53 55 58 92 49 97 35 49 41 14 10 66 -2 75 42 42 88 70 40 99 -9 50 28 35 16 69 39 16 19 47 77 81 44 52 -7 36 69 10 88 82 41 44 62 -3 80 27 26 64 91
65 6 31 34 51 69 44 36 1 20 35 30 98 55 15 -7 24 14 88 21 80 96 34 41 52 84 57 94 63 24 -3 12 70 97 75 66 -4 20 94 28 2 63 0 2 86 84 -5 29 54 13
12 87 -9 12 21 80 99 78 7 72 9 84 58 28 65 50 83 86 80 44 -4 80 50 92 43 36 27 81 86 26 53 30 55 13 10 15 32 89 49 0 28 71 24 86 91 73 55 94 10 38
92 72 59 32 -1 16 60 13 45 61 62 21 60 -9 -7 96 28 62 46 30 43 95 78 71 21 63 8 -1 60 23 22 66 47 98 7 0 -2 81 47 28 7 11 -6 7 88 97 78 68 -9 49
6 45 42 42 71 34 4 2 70 40 30 -2 100 54 41 30 57 70 76 20 33 45 80 45 98 89 85 76 -2 53 98 45 12 74 100 68 71 100 80 67 28 99 74 49 62 35 96 36 21 19
50 49
-3 64 19 51 53 95 48 42 55 -8 8 9 88 100 49 73 99 30 42 46 18 85 52 82 -5 2 54 54 48 11 40 39 87 22 -9 -5 0 53 30 19 12 68 -7 55 88 87 28 89 22 66
3 20 64 66 61 88 35 1 13 60 41 97 70 27 90 45 7 52 88 0 -7 -7 9 12 8 47 92 50 93 5 61 93 69 76 36 91 77 57 -4 94 16 90 76 -8 9 82 72 44 1 19
70 80 7 44 55 36 4 12 10 35 -1 38 34 78 19 49 -8 63 81 71 71 27 48 17 72 94 62 -3 6 98 -7 55 35 99 77 -7 -3 99 96 73 30 92 2 92 10 7 69 87 32 92
0 86 17 5 80 57 91 -3 19 12 66 13 75 98 93 32 66 3 38 24 -7 44 63 4 12 49 84 -1 92 52 64 33 64 1 41 78 92 84 55 51 25 20 42 27 -10 93 -2 48 30 67
54 27 78 10 92 -1 75 68 93 18 52 8 56 51 7 81 27 85 15 64 5 20 90 12 14 7 -10 60 52 49 32 15 45 6 49 82 71 -2 41 23 50 87 89 32 63 43 48 43 26 50
33 42 36 72 60 -4 4 13 88 78 62 25 52 4 0 22 2 39 27 60 85 -4 5 53 87 92 46 100 34 29 86 71 25 58 68 48 28 70 57 38 21 51 62 24 63 76 57 25 86 10
48 18 23 1 -6 -4 57 63 -8 33 100 100 -1 60 -9 6 88 33 -10 44 51 5 53 5 69 10 0 91 8 61 35 57 52 -4 71 29 20 12 99 86 19 9 32 2 85 3 89 63 28 56
0 17 33 55 52 37 46 36 21 88 5 54 -9 80 74 19 68 91 1 80 7 -5 62 3 29 12 32 47 12 20 83 88 45 81 39 23 -4 -5 72 89 60 47 27 15 34 18 50 71 67 13
58 80 97 100 33 92 14 52 16 24 84 59 16 43 51 99 79 40 30 22 16 83 8 48 90 78 82 27 82 20 -6 52 4 62 48 -6 89 70 19 50 28 63 41 69 42 69 26 -6 90 8
92 100 78 50 4 83 82 90 14 61 56 53 56 97 -10 74 64 4 -6 45 84 15 96 9 21 99 36 -7 0 19 96 51 1 -4 36 8 27 37 82 89 51 11 60 11 15 -5 82 99 61 78
70 19 70 -7 89 29 23 25 94 -4 24 88 3 99 73 97 43 69 40 59 93 33 -4 77 97 37 7 35 85 89 86 90 66 57 6 73 1 85 24 3 47 -10 1 96 49 33 -1 44 20 28
53 77 36 61 73 -2 22 65 47 -7 82 72 88 48 41 -7 38 5 43 75 63 48 68 90 64 99 23 64 61 84 79 40 -1 9 65 56 22 87 -7 71 23 78 -5 15 55 11 75 7 81 33
80 -10 14 97 16 -1 16 63 55 8 74 99 9 55 24 57 16 56 29 2 0 86 69 72 5 26 88 8 -9 8 53 94 86 52 35 21 35 86 59 34 54 37 79 -6 27 29 -9 88 24 -5
24 16 33 82 42 57 98 40 -5 33 71 51 93 69 -10 57 41 -4 28 58 72 26 58 -5 76 84 37 51 18 4 -4 98 18 17 18 93 59 21 30 1 86 -2 16 77 11 48 70 21 65 26
50 96 63 14 7 10 -5 60 10 -8 -2 78 29 -2 0 21 98 -1 50 14 0 53 63 -10 53 45 59 86 74 40 11 93 43 98 100 20 73 35 11 88 64 12 66 -5 63 25 86 99 68 41
31 19 100 22 89 88 18 91 22 37 41 58 30 -9 98 9 19 -6 26 3 17 72 61 61 84 82 39 40 8 80 75 75 0 39 84 34 57 68 73 28 39 70 72 21 85 100 41 97 1 -7
60 95 55 26 13 68 58 -2 63 5 1 50 10 85 67 42 37 63 36 43 57 42 96 84 12 90 60 91 -10 1 75 19 25 72 95 36 6 21 98 55 23 27 -8 -1 83 70 17 79 46 65
1 19 71 84 4 71 48 62 6 47 52 89 64 65 96 83 2 55 51 23 11 26 70 37 79 41 -3 12 70 66 13 19 45 65 65 67 -9 63 51 58 18 58 11 30 4 70 40 5 80 9
79 14 80 95 71 81 28 7 41 31 55 67 44 48 58 35 6 69 4 16 27 36 -9 11 56 -9 13 66 56 58 44 38 57 15 58 32 94 47 44 33 10 19 68 18 17 9 16 2 45 88
61 39 51 -4 41 27 87 99 90 84 22 79 60 60 41 15 -7 1 27 11 11 36 27 47 26 87 73 16 24 4 9 30 33 64 29 30 7 91 30 66 16 60 60 82 94 86 6 10 98 5
7 -2 77 19 82 72 90 61 67 29 63 73 49 41 19 69 99 70 -2 2 27 80 31 86 37 -1 37 93 8 -7 35 95 55 82 68 61 24 52 85 94 37 11 53 76 16 52 43 26 22 51
1 48 27 51 61 48 19 -7 6 75 99 55 55 68 72 0 50 4 36 90 30 16 45 95 97 72 61 -10 7 58 99 91 89 6 68 4 -6 29 -8 54 38 96 58 33 -7 77 49 26 98 75
72 82 74 -6 -4 34 96 58 18 -3 3 5 39 38 68 24 1 24 95 52 83 8 60 -10 70 5 8 66 29 41 55 10 95 41 60 81 69 93 100 66 -5 47 75 65 97 8 11 94 41 54
24 74 20 73 71 21 -2 -4 -9 54 63 57 87 57 2 67 -9 85 89 -4 62 3 12 65 35 6 38 94 5 25 6 33 90 98 36 20 99 21 27 59 18 49 8 56 57 27 38 7 41 3
76 46 78 12 53 15 82 40 52 32 98 80 45 93 67 -10 25 49 28 89 52 94 -9 -3 16 0 39 37 15 47 64 20 6 52 38 -7 55 -2 45 97 100 51 26 70 17 87 82 23 59 51
83 20 61 80 27 -2 50 2 92 88 77 56 96 14 11 21 21 99 4 7 60 6 26 80 94 34 78 33 79 24 34 25 91 35 64 25 24 -4 85 55 94 62 57 -8 56 83 17 55 33 31
49 38 -5 56 89 95 18 41 36 38 -6 45 3 84 45 51 6 70 78 51 63 2 39 6 65 30 19 65 84 86 71 -9 95 100 50 86 90 55 45 62 14 74 79 -9 99 82 12 6 66 50
15 61 40 18 74 11 28 -7 2 63 70 25 42 -7 85 11 56 60 26 30 31 78 4 10 70 -6 78 35 68 87 95 46 38 55 58 20 96 33 40 23 88 48 -9 50 18 2 68 14 13 82
83 -9 100 -8 3 46 97 1 76 53 87 0 85 26 -1 22 90 29 39 71 67 80 20 1 68 85 66 23 93 50 73 81 28 43 6 8 25 92 7 73 68 -7 39 58 47 85 82 29 31 38
30 86 29 38 37 14 57 56 72 76 78 57 3 74 19 97 62 47 85 63 3 16 -7 54 86 4 74 70 97 72 -9 63 70 -9 -5 75 75 11 18 -2 12 -5 74 12 90 39 74 93 23 55
9 3 11 89 10 74 53 3 35 75 93 34 1 2 17 43 -7 0 59 20 24 11 35 22 63 67 68 90 21 14 7 13 3 76 87 59 6 12 38 -5 53 97 83 34 69 -5 63 85 44 50
-6 22 37 89 87 82 57 35 32 40 44 -7 80 65 72 -4 39 58 88 96 -7 33 57 41 65 40 93 82 70 24 3 33 65 51 93 -6 48 86 92 -2 94 42 83 59 9 94 5 82 60 39
58 63 68 29 -9 38 2 24 99 45 55 15 35 -10 6 52 99 60 12 88 65 25 87 15 -9 61 75 63 25 95 72 83 29 77 22 -10 41 10 96 9 11 54 67 49 46 6 37 89 75 24
74 76 60 66 16 83 91 -2 33 60 7 71 5 80 13 9 12 13 48 34 -2 -5 85 53 22 96 47 -4 3 51 72 66 1 59 37 77 31 29 26 46 12 95 63 51 -3 10 9 28 63 55
41 32 91 48 84 39 85 0 60 9 100 67 81 84 -9 91 7 52 -5 48 53 70 48 30 76 46 10 33 40 -2 18 -7 51 88 0 54 18 91 67 25 49 75 78 63 72 88 27 46 -10 65
80 36 63 -6 73 10 31 3 94 17 42 75 -3 25 89 38 53 21 71 64 50 75 43 -9 6 46 5 -4 17 88 90 81 49 -5 39 72 48 43 2 67 79 33 84 39 16 62 82 44 91 14
96 35 16 98 6 23 92 7 92 34 64 10 38 58 7 26 26 70 5 11 53 81 93 64 52 54 61 41 44 28 30 48 93 67 89 41 80 76 94 31 88 57 59 49 31 12 -7 80 84 60
35 76 11 21 20 93 79 76 31 76 53 12 68 40 2 42 88 27 14 46 84 83 72 52 0 4 52 82 41 83 -3 11 62 8 29 60 6 3 65 7 96 59 94 66 55 36 14 29 63 37
41 31 32 19 63 19 21 34 34 4 46 34 13 73 54 75 88 3 36 29 65 42 37 31 68 26 9 98 70 -10 57 26 91 59 80 90 53 36 3 1 36 14 44 90 32 19 17 4 80 3
-10 52 48 95 47 38 70 57 76 73 98 92 55 36 59 94 28 1 1 6 79 34 70 74 58 21 54 13 8 29 12 95 66 31 25 -2 -3 64 89 15 32 39 24 31 17 81 91 13 47 45
20 55 9 39 49 13 51 84 84 24 2 40 59 38 81 2 81 68 36 10 82 74 14 68 32 35 74 18 23 16 -1 10 56 32 19 33 13 45 47 58 89 49 97 80 86 37 33 0 78 21
82 0 86 59 84 61 82 -7 78 81 50 71 32 30 91 99 48 69 66 43 64 63 96 75 62 73 37 12 100 71 67 20 28 25 34 41 86 80 39 68 12 14 21 55 13 100 22 14 9 55
28 10 56 9 79 90 -2 6 -8 11 27 13 -4 64 15 30 79 85 100 84 87 32 88 81 -10 4 82 95 76 19 6 68 39 39 19 30 2 7 78 -7 17 66 58 51 71 -1 19 81 99 23
26 84 90 98 83 36 32 95 98 16 56 2 85 56 24 47 91 8 88 42 35 63 77 98 24 8 63 91 -5 58 34 72 92 0 -9 100 91 -7 -4 51 16 56 28 68 93 33 99 63 36 36
89 14 92 40 75 25 35 1 22 13 57 35 36 93 -2 85 90 41 84 66 16 1 92 -3 11 1 67 72 83 17 -9 5 93 84 68 44 40 32 46 81 8 37 61 23 83 50 73 8 39 50
28 61 87 100 78 27 46 35 42 -2 43 17 26 8 7 21 43 1 9 41 38 39 84 29 -9 27 27 62 87 53 67 68 48 100 4 -5 37 -2 32 12 23 65 100 70 65 86 84 97 25 86
46 19 6 4 55 61 79 83 32 51 76 6 82 59 86 52 32 21 -6 73 68 13 88 17 87 80 72 35 97 61 39 58 48 -4 79 10 -3 66 81 24 65 38 74 78 10 94 73 30 -9 11
42 6 1 49 36 27 30 19 71 38 19 76 56 53 8 73 87 3 94 26 84 28 57 16 47 89 20 64 -8 50 31 61 53 96 55 64 6 12 91 5 88 100 77 78 55 50 51 31 79 84
13 21 56 8 76 -3 -9 76 51 21 81 81 0 -10 25 54 45 39 89 -2 -6 15 78 48 70 51 77 -4 54 44 82 71 81 91 81 96 44 28 61 35 -6 34 30 30 98 6 89 -8 44 11
11 29 78 72 31 1 85 63 24 -10 28 38 63 17 41 3 8 16 86 69 77 79 -8 82 14 47 -9 25 81 92 46 22 81 35 65 20 80 76 92 41 42 73 6 98 9 13 51 -5 73 48
50 50
-7 -7 65 23 87 43 97 100 -3 21 80 44 21 28 19 99 40 58 -5 73 57 -3 16 75 41 95 94 92 99 96 43 100 87 93 27 33 71 53 79 21 74 22 96 90 70 53 57 -10 63 -6
41 59 91 99 12 58 15 26 72 79 75 93 92 31 85 69 99 44 70 30 -10 53 1 88 1 57 84 92 -7 -5 100 73 9 82 -5 43 97 57 48 80 -5 73 28 93 23 46 55 37 98 38
43 72 24 5 34 31 77 44 88 14 100 40 79 74 87 79 50 72 89 61 96 99 79 55 48 98 62 24 42 15 -1 77 55 33 50 5 59 50 15 -1 15 11 58 3 17 80 37 29 80 90
80 100 58 43 74 64 -9 80 8 70 85 5 65 18 81 45 58 -5 62 45 -7 50 0 -2 50 88 47 69 2 17 8 8 65 22 38 -6 33 -3 73 80 75 -9 37 -1 21 73 30 32 35 76
80 9 30 76 2 7 -6 13 89 31 0 37 33 18 19 86 53 88 21 59 87 63 69 31 90 66 81 86 70 29 39 35 87 70 90 72 48 90 56 50 39 34 17 69 28 -3 73 -1 7 20
83 87 53 57 27 81 25 -10 100 -10 25 -5 1 -8 -2 11 19 73 39 75 17 27 84 100 38 82 -5 58 25 29 26 74 4 94 25 97 -6 2 4 67 3 43 13 74 58 44 87 51 34 51
99 39 33 20 -1 -1 67 35 25 6 6 24 92 20 19 73 28 85 33 13 47 64 92 23 19 6 74 0 72 11 76 -9 38 97 85 91 -6 66 92 81 13 93 63 -1 57 28 55 41 65 34
28 54 60 14 57 -1 88 39 35 -2 98 30 56 69 49 -8 34 52 44 29 28 92 0 88 48 45 35 28 0 57 40 58 36 -7 37 42 69 48 28 -4 50 63 100 99 19 47 36 93 69 4
61 28 33 83 69 -5 44 64 13 6 37 97 66 -10 57 30 7 13 15 84 -10 38 41 21 36 20 -6 57 76 87 47 18 1 75 36 73 69 92 -5 32 67 -5 50 60 38 63 67 77 87 71
57 -5 18 -4 45 55 30 44 92 13 56 16 64 74 31 71 50 78 51 30 1 23 48 21 26 7 51 90 75 36 69 90 11 4 6 78 91 31 94 85 25 100 3 49 23 78 72 25 32 39
45 96 23 76 18 65 76 98 62 15 79 25 -1 74 17 6 94 98 8 39 97 17 62 72 66 41 36 62 93 29 -1 9 71 12 86 60 85 81 22 69 20 12 77 81 68 84 77 44 42 35
53 26 68 87 23 22 20 2 7 -7 58 88 18 69 5 74 97 12 81 44 25 48 76 74 99 88 75 79 33 12 29 52 81 40 34 93 -3 51 -5 26 79 12 -7 49 7 72 26 6 11 6
23 82 -8 2 99 63 20 76 87 50 82 63 0 18 91 25 80 74 12 59 -6 0 33 48 66 -9 13 4 4 41 9 -8 65 96 40 16 63 38 25 97 52 -2 -9 42 69 43 11 3 50 77
43 43 16 2 6 96 19 5 61 11 29 95 4 80 -5 52 95 83 52 2 46 78 97 3 70 85 8 61 46 73 -5 32 64 64 4 5 28 62 6 34 27 39 40 24 71 80 61 27 74 93
66 41 38 54 62 45 51 45 -4 37 6 3 55 91 -10 11 95 39 38 22 57 74 52 -1 97 28 62 12 -9 23 35 0 -1 55 -2 42 40 55 80 80 33 48 75 93 27 22 87 29 53 60
44 87 94 100 -10 50 29 5 11 -10 64 9 66 31 8 2 41 92 61 67 60 75 8 72 64 55 26 70 84 38 6 85 25 50 13 68 76 26 70 15 35 13 48 14 18 80 8 23 91 65
85 14 69 79 2 43 68 41 85 98 84 92 3 16 51 40 93 36 51 72 86 16 52 70 78 -9 89 63 20 28 -4 -3 46 92 90 5 -10 85 79 38 34 4 51 100 54 10 50 45 90 -8
90 29 65 99 46 12 4 86 31 53 11 27 62 68 34 54 20 34 96 52 20 25 11 54 97 11 13 92 2 66 43 61 4 16 15 8 43 37 86 78 35 -7 69 14 25 28 97 -10 56 75
91 16 30 -5 -6 33 82 14 5 76 79 21 38 55 26 8 42 40 2 14 18 66 3 4 7 40 100 65 19 33 40 -6 47 31 8 -8 65 80 18 58 54 52 -3 83 12 28 75 70 68 16
100 91 -10 0 4 42 51 35 -7 -9 36 23 65 55 96 69 -2 -6 13 78 20 20 52 49 43 67 85 -8 46 68 31 12 7 100 3 94 30 58 74 4 85 2 7 34 12 50 -8 52 95 0
76 37 45 56 55 99 79 64 23 14 20 -2 56 35 46 21 63 52 91 0 1 89 49 60 97 68 74 81 89 17 36 9 37 66 63 70 97 27 -2 71 4 11 70 13 40 62 70 86 47 27
47 -3 -6 27 42 88 36 15 80 19 13 21 28 16 29 9 55 62 77 71 85 74 35 72 -2 76 66 53 -5 -4 44 9 60 81 72 52 56 48 81 76 73 26 5 79 78 51 76 -9 -8 24
46 99 42 48 64 19 2 51 9 19 13 79 24 52 63 14 -7 5 -4 2 60 41 25 7 22 41 1 91 -2 62 14 55 46 19 46 78 55 1 11 6 -9 -8 74 75 40 30 6 0 86 55
45 70 73 17 63 -8 -5 35 86 79 100 79 85 56 81 3 14 91 76 69 54 79 10 73 24 35 66 48 19 56 -2 40 59 -9 19 48 40 29 54 12 46 53 46 -6 31 71 59 81 10 44
85 82 49 36 30 81 74 76 13 83 33 22 0 43 66 68 16 60 28 43 -5 45 81 72 40 90 88 73 16 26 64 30 9 92 7 67 3 52 -2 -1 90 47 68 96 50 89 72 77 -6 47
43 7 16 81 49 6 38 35 17 84 91 15 3 86 26 -9 85 92 77 29 75 92 32 52 90 41 15 90 64 26 7 72 74 34 85 12 8 12 -10 56 4 9 43 -2 52 11 96 18 77 63
32 94 -6 13 47 4 35 87 86 24 79 6 89 29 48 80 79 -3 71 21 41 81 4 75 8 2 -7 15 85 84 16 13 35 9 91 37 57 28 94 86 59 74 27 93 48 47 44 87 36 89
61 9 31 -8 -4 70 24 58 23 37 7 91 79 9 72 62 38 81 79 40 80 78 47 83 99 26 31 2 89 -6 39 94 26 25 21 50 60 67 62 -9 43 68 65 75 14 15 73 24 -10 25
1 91 18 93 94 93 95 13 92 -5 39 4 40 81 24 82 9 -10 96 -9 55 53 24 63 67 39 20 1 11 80 15 96 83 13 24 76 0 1 29 19 11 93 50 67 23 53 66 92 32 81
41 0 6 86 10 24 76 31 32 84 53 94 44 71 55 81 88 80 62 38 10 32 11 72 -2 82 76 17 13 21 26 64 93 25 90 22 67 -2 98 -4 -8 36 2 100 1 -2 33 75 23 20
50 46 15 14 -3 91 81 30 24 44 77 6 66 66 92 39 72 97 83 19 48 78 67 -5 9 27 50 24 55 28 61 79 77 68 27 78 57 27 -3 81 -2 25 28 64 11 7 62 67 90 31
65 52 75 24 66 18 30 93 27 60 99 70 58 50 66 26 74 -7 43 88 79 89 44 94 85 67 32 62 81 90 94 37 6 5 84 21 68 32 49 100 69 31 0 26 -8 55 86 4 60 7
24 5 62 46 81 8 35 91 44 100 56 79 -8 69 26 54 70 65 23 58 67 25 83 -3 4 86 62 54 14 76 60 28 37 93 80 -6 16 27 -2 28 96 40 71 85 14 6 8 98 94 45
-3 -8 -3 77 69 60 73 27 -4 87 78 62 28 80 0 2 75 50 98 -3 57 70 29 59 39 91 18 74 60 16 54 46 62 74 40 32 77 11 92 18 98 76 81 84 85 23 81 1 20 34
48 -10 -4 68 58 100 30 100 0 34 20 64 39 30 54 38 47 82 0 -4 80 -3 48 16 89 79 16 86 95 39 20 67 -1 0 74 29 2 68 38 21 68 54 76 8 69 86 55 69 94 1
75 68 84 3 80 36 72 0 -6 66 37 65 54 72 29 36 -3 98 84 1 0 86 4 100 12 55 61 98 48 68 24 74 19 36 19 48 60 73 80 49 72 75 12 -3 57 22 58 40 71 62
36 94 82 70 59 49 16 25 43 16 77 63 75 93 -8 74 -5 26 44 73 62 90 4 36 70 87 50 67 65 70 80 66 82 15 36 26 31 97 85 41 73 51 39 53 29 43 75 44 4 79
55 2 81 20 65 5 62 60 96 79 100 53 31 7 26 31 72 0 70 34 -2 86 4 10 71 35 93 92 28 -5 30 73 91 24 83 54 47 70 42 -7 67 63 69 4 -8 97 74 -6 43 100
84 92 24 27 64 87 54 32 76 51 -2 16 74 12 -7 45 43 31 86 9 80 45 13 23 70 -8 83 17 91 60 59 42 24 -8 57 40 22 88 7 83 88 54 3 19 97 -10 41 79 71 64
18 63 32 -1 2 76 88 47 54 3 62 89 19 36 65 59 100 14 55 57 13 99 77 22 33 1 79 13 10 70 10 72 8 37 4 47 80 43 55 6 8 23 45 2 55 33 38 91 60 17
13 64 55 6 3 33 2 35 86 93 41 12 82 4 38 17 67 56 29 91 -3 23 94 30 78 2 42 -8 75 21 62 75 -4 64 69 91 38 73 82 5 81 49 63 19 57 47 72 57 21 -2
5 -8 -2 99 67 71 29 65 73 100 96 24 81 30 35 21 -5 8 40 79 77 37 59 56 66 3 50 -10 43 1 69 19 5 4 42 -4 42 61 17 68 98 79 96 6 76 0 28 -1 68 -8
80 31 37 -6 7 5 81 1 3 66 58 73 77 89 51 12 36 51 72 14 -5 9 30 59 68 82 79 56 -7 46 86 64 29 99 42 33 64 84 66 51 74 0 49 21 51 70 48 2 12 44
46 18 99 77 19 -5 17 71 2 94 28 73 32 50 80 0 23 94 -8 99 65 29 28 14 75 97 70 -6 73 -1 6 100 49 17 5 7 9 47 92 1 42 60 62 28 56 77 91 34 64 86
75 32 81 9 17 92 8 43 83 5 43 75 15 -5 0 70 18 46 -9 48 35 68 47 71 36 88 -7 3 63 77 19 83 43 83 56 -7 66 47 99 98 14 2 80 87 93 35 29 76 20 54
95 89 86 21 54 86 68 92 19 92 65 75 66 25 12 8 5 43 23 37 70 25 79 82 62 48 93 80 45 20 60 58 28 57 100 59 35 39 84 13 65 71 0 -2 88 1 -6 77 77 56
18 46 48 4 -9 46 68 44 70 39 54 51 53 17 43 7 36 62 97 66 -5 1 58 70 69 26 -5 2 62 84 66 6 51 81 94 20 68 45 41 60 58 74 26 57 92 15 67 84 88 41
44 27 7 30 4 52 99 30 3 58 32 40 15 56 12 19 60 52 92 60 91 22 78 93 31 74 -5 72 46 16 48 36 12 97 38 26 -2 65 74 93 98 10 80 85 51 52 50 11 72 31
93 93 64 96 48 21 -4 -8 24 22 15 61 89 91 86 56 -4 60 22 67 72 68 -2 2 19 -9 66 58 80 -2 66 45 65 85 81 64 64 82 62 79 51 51 10 -7 92 90 4 32 59 45
23 1 92 50 33 47 81 72 4 21 80 -1 4 76 66 73 91 79 -8 93 72 17 76 73 -5 38 45 54 49 7 62 74 14 94 78 67 5 -1 15 21 2 57 92 7 45 60 13 21 52 -6
