10
50 1
-30 100 28 67 -56 -79 19 59 -40 -54 -15 99 41 -92 77 -82 58 -75 -27 6 21 -81 -46 93 -74 -1 -71 -72 -76 69 -46 56 -65 89 -62 -38 -89 26 46 -48 99 -16 -12 35 -19 -23 46 38 26 -45
-65 22 12 39 -83 -66 -18 -28 -70 41 -17 -68 28 75 -73 31 -100 1 -80 69 82 55 -88 96 -81 46 -22 90 -76 -57 94 5 -93 61 -78 -22 -36 66 -50 47 19 12 69 -3 -65 44 -13 -69 -53 -21
-84 -76 -40 96 -43 -77 -76 -73 42 -51 56 -53 91 -38 21 28 77 47 2 43 -13 -50 19 -81 18 -19 -35 -33 15 -48 26 18 -91 71 10 -74 -91 11 -4 -36 75 9 42 -55 10 -76 16 94 10 -61
27 3 -13 -52 -88 -7 -38 -97 -39 58 33 -7 -54 -55 31 90 12 41 68 91 -74 99 -85 -12 -55 -100 -15 -1 86 -37 83 46 -40 13 -91 54 -72 53 -17 51 -48 13 -11 92 52 -11 94 25 92 16
54 -51 15 -46 4 -25 -33 -37 -86 -76 -89 45 -65 82 -58 -87 -8 -32 -76 22 59 -70 51 93 -86 -1 38 66 -86 71 14 -37 44 -50 57 -76 -91 97 42 20 80 94 1 -70 -55 68 25 -36 39 -85
-95 24 52 -39 46 7 -71 -7 -44 -95 42 -86 83 11 -8 55 34 -26 -21 23 26 37 2 -74 78 61 21 50 -36 -35 -96 -20 21 79 -45 -40 8 79 50 94 79 -3 80 -58 -5 60 -19 75 -42 -45
-77 -58 -50 35 44 25 19 -95 11 64 46 34 24 -18 0 5 -94 -53 -36 -61 17 4 -24 -73 7 -31 -13 98 100 54 -76 64 -49 21 -61 -45 -65 67 86 -11 -21 10 -19 -95 5 34 3 -6 -88 7
-82 -89 -42 -10 -79 -73 -6 -54 46 96 -5 74 95 23 76 100 91 -22 -93 -51 -17 -30 86 -27 54 33 18 -68 -23 -15 85 34 -46 22 89 -44 60 -22 -14 -93 -80 61 -5 -36 -13 -97 -86 -62 66 96
-73 90 -17 -72 -63 57 10 83 24 -88 9 81 45 -85 72 1 19 -61 -19 -63 -40 20 37 78 -63 -96 -22 -27 -12 -34 29 -77 28 36 -12 -45 54 -82 -68 -3 58 -50 -12 -46 -67 -14 10 -95 -76 88
-29 -50 -7 -29 -64 15 86 -35 -3 56 97 -66 35 -42 70 61 -46 -92 -2 47 -39 9 67 -58 65 -2 -35 -22 -49 -17 -79 88 -28 96 97 -25 2 88 -77 67 96 15 57 24 -30 -10 62 69 77 -55
-22 -16 -95 71 -42 -17 9 -84 -52 14 64 34 -6 -38 -63 -2 -27 2 -31 -17 24 -29 -54 -39 94 42 -91 9 32 -35 -66 -62 20 46 -21 52 46 2 45 65 42 55 51 80 33 -22 -17 -10 56 -13
-86 53 -13 -12 -38 -67 18 24 36 -49 -87 -97 -29 -63 55 -21 -54 -68 88 12 -11 44 -68 72 -66 93 -48 97 16 4 88 -12 95 -78 -61 -54 81 -87 -54 -23 2 -2 -86 -46 -81 -80 -16 95 19 -91
-80 -66 86 -61 -32 -42 8 -13 -44 4 25 -72 99 -67 72 31 73 -96 -15 -35 9 61 21 -43 -82 93 83 -63 55 21 31 55 64 57 60 87 10 -87 -87 10 26 89 67 43 2 37 40 74 25 -21
-42 -45 -86 -94 10 41 9 49 -94 -44 36 -90 16 83 -74 84 21 -53 87 -28 93 -87 -25 -30 76 -93 -47 84 -3 -2 38 82 13 -16 11 -55 -32 19 -96 74 63 -43 -21 76 57 63 -3 -71 -62 25
40 91 59 -69 -80 40 -18 5 96 -82 4 -62 20 56 58 -82 -20 -76 24 -97 -12 -69 91 -93 85 -2 -64 57 -37 1 -59 53 82 46 -50 -64 80 -35 -1 54 -22 84 -22 -45 -11 55 70 -63 -94 -69
-11 -48 -18 43 -15 73 -78 -43 -40 -60 29 -3 -13 54 -75 -88 -81 -71 -30 -93 -75 3 -63 88 -83 82 44 -63 65 61 6 43 13 -4 -1 34 80 -87 90 -12 94 -57 6 5 94 65 -66 -21 -15 -1
-64 33 -51 -36 -38 75 98 28 -91 -11 -86 93 97 34 -15 -54 69 77 -85 30 -8 14 70 -34 60 -34 44 -3 -13 81 -2 -34 20 -24 28 -64 75 53 65 100 100 45 85 32 -4 -92 54 -50 44 89
-79 -25 97 95 60 47 3 89 -60 -43 -50 -57 67 -39 5 -96 -13 -47 31 -32 -27 46 11 -26 -30 -29 84 -34 -57 2 -90 59 87 53 91 84 17 15 69 90 53 -37 76 66 -90 88 0 97 -53 -68
-3 -63 -23 -33 -30 42 44 37 4 47 -53 -48 54 -43 -3 58 -80 -4 97 -67 -39 45 30 -79 18 53 -16 45 -93 8 18 57 67 100 -81 3 -71 -38 43 -88 88 -65 46 -98 -89 -5 48 82 18 -8
66 -48 -100 9 42 44 8 13 37 66 -77 -20 44 -47 -71 40 -90 39 78 -50 -52 -83 -51 -50 -35 -22 -35 94 48 -74 81 27 -5 58 -50 84 -90 42 89 44 -98 -91 -50 15 41 -100 -30 40 -30 -87
-33 -1 90 -37 -74 -94 90 32 16 46 -24 32 1 61 29 -58 75 -89 10 -99 14 34 54 1 65 -33 -87 -87 -63 -43 1 -100 -16 41 -69 -46 -15 -83 -99 -35 11 -30 43 52 -34 46 -32 -74 -5 58
4 -98 2 100 -5 51 -98 29 19 -68 27 -93 82 66 -86 52 -51 -67 57 57 -88 -70 -96 -98 56 -76 10 -94 -90 47 -58 -79 99 58 -48 -22 -44 61 1 24 25 46 96 -89 38 -71 40 74 57 4
14 61 12 -24 -17 -96 22 -18 71 1 -49 -84 -15 -43 52 -98 100 -1 -82 -79 -40 13 84 -2 -58 -69 56 33 62 -90 26 -82 85 19 38 -32 -33 -72 38 -18 -96 -53 99 7 16 -48 35 -35 -38 5
13 95 -3 -27 -98 -79 37 -1 55 69 -16 26 56 -23 -48 49 -2 98 -63 -30 -89 30 -52 -87 28 48 13 6 -89 23 -14 69 -74 88 94 -4 -52 88 -75 99 95 -65 -16 50 -79 -61 40 -37 9 -93
-90 -5 -23 -89 -78 76 89 -26 89 -41 14 -5 -50 10 61 -1 -36 28 10 56 76 -1 -75 90 -7 -4 27 -58 -85 -28 92 -87 -94 86 95 79 -12 24 38 -57 15 -6 -23 -37 -88 54 51 57 -64 13
100 84 65 -64 -15 -61 79 -7 -16 95 85 -63 -92 -45 -59 12 51 -15 85 68 34 -17 73 -21 23 56 0 -85 28 32 99 -24 -48 45 46 74 70 -22 -75 -6 73 -50 -2 31 -78 39 77 96 100 -67
-24 -26 18 -37 -95 -35 51 23 63 54 -56 -46 -5 -7 -93 22 -66 38 94 -40 -48 96 -69 -2 21 -30 5 -12 1 90 90 81 82 49 50 -98 -59 20 -65 91 -6 -91 -80 36 60 -5 -63 4 -15 91
-89 28 -65 -78 84 -77 37 -95 33 53 -5 -98 -54 -76 -43 16 83 13 66 -82 -55 59 2 -43 -57 96 44 44 -40 66 -88 -82 33 96 -94 -81 28 76 -6 -80 -48 -46 11 -76 49 10 -61 -1 98 -45
48 -29 -95 -43 68 -5 71 -65 -54 -8 83 88 -30 68 3 38 -74 -57 39 -43 100 -48 68 -31 -52 -99 -10 -33 78 -99 37 -92 -92 93 86 35 -15 100 61 30 -29 80 9 22 15 -82 -10 -73 54 13
54 -46 22 59 3 -25 0 91 -20 -33 14 -57 -36 -50 13 -49 -86 -13 26 69 -44 44 -9 24 53 -36 1 38 -13 13 -2 14 -85 -31 23 75 -95 -69 38 39 -50 100 89 22 47 7 14 43 -81 -57
35 -79 -66 -13 36 38 95 71 -21 -79 28 -90 -24 -36 -78 20 52 -31 62 -39 -55 83 4 75 -89 -76 67 -40 49 28 -83 -33 -100 49 -90 -78 -63 99 14 86 -89 50 -83 8 41 65 88 -98 -8 -19
72 -64 59 54 -9 -1 34 -69 6 -83 -3 92 -28 -68 -55 82 84 -86 -5 -96 -67 -66 36 0 -65 63 33 63 1 -98 -19 -9 95 45 -95 -41 40 70 18 -43 -52 -51 -64 76 89 -89 -24 -88 -40 -66
-80 96 38 -86 10 -35 -75 -10 -80 69 16 -3 -42 -7 -51 64 4 78 -7 96 -36 69 77 36 -55 -73 -95 -98 -27 17 6 80 45 92 -52 86 78 87 -68 57 -1 28 31 -15 3 -12 56 -49 25 -40
9 52 -4 -86 66 -63 -49 26 -81 52 -92 93 96 55 -43 -40 -44 88 -21 -22 100 91 -44 -68 2 -3 80 87 15 36 -66 -1 37 79 -20 11 92 78 -21 -51 88 -61 19 17 -51 67 6 65 78 3
65 1 -60 83 72 9 -5 21 89 -30 58 -99 -39 48 -86 55 -100 -90 -55 82 43 -91 -47 74 -82 39 -22 -66 -36 6 -32 22 -40 -62 34 -94 -75 -31 -80 -52 -31 -88 -90 -84 28 -68 52 -37 -68 24
6 -6 -13 76 91 -44 -22 12 53 -45 -50 -71 -17 -97 -16 78 74 -51 -11 -44 84 36 23 29 83 72 -10 15 41 12 35 18 -94 -96 -45 -46 83 -74 10 -63 83 46 -48 72 -51 54 -83 -2 -22 -37
76 -55 -1 -30 -1 -73 -29 -83 -82 37 25 -50 -69 -70 -87 -52 -92 -4 -33 51 1 69 100 -93 64 58 -22 17 -68 -57 -49 -85 62 30 -45 74 -16 16 -46 45 -33 71 -10 83 -5 -43 -47 -8 -78 28
-73 69 21 93 -37 -68 -43 -90 58 -45 83 61 -57 -1 31 -100 33 92 -60 33 -77 -58 -37 68 -14 15 32 30 -82 68 -71 64 71 84 -23 97 -9 52 -41 96 -31 -39 42 73 -91 -1 -35 33 -75 -18
-87 -7 -34 37 6 46 0 91 -28 -11 -48 -75 -73 -20 -81 37 -2 3 21 66 -88 12 3 44 77 46 68 51 1 -54 71 -28 74 -47 -64 93 -8 44 1 -55 13 -26 -55 -67 -13 14 -40 13 7 -71
80 -11 81 99 -40 -96 -10 -97 -85 59 65 63 -11 41 11 87 5 94 -29 -74 6 14 -23 84 55 -68 -68 -7 -30 -83 -35 -46 -39 64 64 29 3 -54 -8 40 75 -68 -31 -21 -25 46 -98 -88 89 44
-70 51 87 -11 -89 53 -40 2 -6 -96 -7 -33 -6 -53 -98 66 27 -92 9 9 69 76 17 49 -87 -81 20 17 -47 16 73 93 47 73 92 19 -16 41 20 -8 -43 -91 -60 -3 -34 -68 78 31 -71 -58
-4 -49 -49 -31 28 -6 20 78 -9 54 44 -41 -32 -76 -14 -49 -89 19 57 -9 -53 -82 81 -100 30 94 74 88 -56 0 -32 30 -45 97 62 -28 57 84 -77 -34 -45 84 -73 -60 54 -54 -40 79 -5 -36
74 90 62 45 40 34 -47 6 90 42 68 4 -22 71 -18 -17 76 1 81 51 -60 -59 54 -72 97 -78 -42 63 -12 18 69 -65 -47 -33 -24 53 -82 -86 44 35 17 -16 -69 -21 -22 41 56 100 -55 15
30 -92 -45 -97 -19 -20 -85 -24 -69 -49 84 -68 -62 -43 24 45 77 -54 -41 71 -84 21 -64 73 80 67 -65 -53 70 -25 -35 80 -24 77 11 -66 -53 -54 -60 94 13 14 96 5 61 89 -48 22 -4 -14
36 27 8 89 62 -11 59 9 55 37 -80 -43 -51 66 -86 -21 -21 -62 -18 93 -46 -24 -79 25 51 -91 -70 48 -59 37 -29 -10 -41 23 -9 3 -20 10 -73 26 -54 -78 54 18 79 -98 60 10 -79 -29
47 -11 -3 -67 63 -48 -62 32 -21 16 -62 62 16 -43 -13 2 -50 -42 -61 -6 36 -63 -66 98 70 -88 85 92 -8 86 25 -8 24 83 32 -67 -11 -52 96 34 78 -41 -73 -88 -63 19 8 -85 73 -4
-99 86 -57 -23 -22 88 -7 42 -80 -14 -2 -64 -58 -38 -24 84 -39 -38 -47 83 31 -32 -43 -36 -37 -36 -83 -14 95 69 -85 -5 71 -69 100 -7 89 67 8 -72 45 56 13 -24 -34 28 41 68 9 80
36 -76 2 14 38 24 64 -29 98 73 -4 96 -89 -88 4 7 51 91 7 54 21 42 71 -23 -27 70 -91 -79 -67 -82 -95 68 -66 43 -78 77 -42 -53 -19 -6 -97 -10 33 8 28 -92 8 52 1 16
92 -35 -72 -37 86 61 6 -65 23 -51 79 90 15 -100 -44 44 12 90 15 -76 8 90 -33 81 -44 -1 23 59 -79 -78 13 57 -55 -10 -96 -2 -70 41 78 -79 -49 -64 -21 -32 59 21 -15 -80 -72 -52
-69 97 69 83 96 69 20 30 40 43 26 53 71 14 -83 -62 -80 81 -11 82 14 -43 -65 22 -6 50 13 29 39 67 -29 -51 -42 -60 -13 8 26 -43 -85 78 -24 69 4 62 -20 -57 63 -63 41 -34
50 2
45 32 -39 30 -23 -73 26 -23 22 -47 -60 51 -90 28 -67 -43 51 75 99 51 -31 -3 19 74 -10 -2 21 16 -54 -63 100 68 -18 2 69 -8 29 -65 -78 -40 27 -61 42 5 -66 -36 66 -7 -73 -94
-66 -54 32 67 -71 -85 92 93 -95 -65 75 70 -43 76 97 -68 1 -9 -57 -93 68 50 -67 39 68 -46 -76 -87 47 -85 43 -68 -57 25 -46 -16 90 -82 95 24 -75 32 10 -83 -17 -23 -81 96 71 -67
-23 77 -65 64 -8 17 -13 -72 -66 2 100 -24 -4 -43 -21 -38 36 53 -37 -43 -14 90 -47 57 -44 -52 -43 4 97 -23 -80 67 -32 -41 32 100 -17 -65 0 -18 6 -46 20 -70 -28 -7 49 0 81 -84
10 85 -72 -80 25 96 -40 -22 58 -79 -81 42 66 -71 80 -95 -27 -44 -31 73 -50 22 -41 1 49 -24 -15 14 26 -71 -64 -85 68 60 -55 -63 -59 -8 -75 -41 -2 23 -61 -10 10 -35 40 -28 -41 0
5 -59 9 -37 -53 60 -16 -12 97 -85 -20 32 55 -88 -28 -95 -25 -37 -94 -81 94 -93 -60 45 -97 54 79 -46 7 29 46 72 26 -50 -4 52 -75 62 -64 -73 -53 -31 61 36 -63 -57 99 -50 -32 -70
-15 37 92 29 7 72 53 -43 33 72 62 -42 99 99 -64 -13 -4 46 -76 -41 13 14 86 34 -72 -65 16 41 81 26 -7 -15 43 71 48 23 8 -42 37 -75 -47 -72 21 -40 45 43 77 -45 -94 -57
38 -86 -1 -59 44 -18 1 97 -48 -3 38 55 -21 56 21 95 21 -41 81 81 11 17 -71 100 -13 21 -91 -86 -88 71 79 15 -90 -80 -42 -11 -61 93 0 -51 -10 64 -32 -6 21 76 29 1 -94 35
-20 -99 97 92 -54 29 -76 29 -26 51 9 79 54 83 51 -26 -61 78 -69 42 63 85 40 -77 -35 -42 -8 86 -81 2 -5 55 100 -71 -93 69 63 79 46 55 -61 74 -14 94 -99 -52 -73 -62 -7 -41
-35 -65 18 -77 96 64 -77 60 -13 63 -20 28 -1 -46 4 -62 -88 6 87 -75 44 -25 54 -12 -87 -11 -74 -85 63 -47 58 -83 21 58 37 -52 28 -69 96 68 -46 63 -75 -41 82 33 84 45 5 -88
34 23 31 -31 -23 24 82 -7 -8 -4 24 61 -28 -95 11 0 88 1 72 -14 35 6 45 -83 22 14 79 92 45 12 72 -2 2 -52 -58 68 75 53 -67 34 -84 -54 85 10 -29 -67 -10 36 -27 99
-36 33 -73 -7 -48 -47 -92 -99 20 -8 38 -21 -3 85 -23 -20 89 88 23 -9 -56 -58 -6 34 -18 -80 -70 -11 56 -46 -11 -61 77 67 46 45 -42 8 -85 -50 -6 -91 -56 96 -7 97 15 21 24 36
-51 27 65 17 43 -60 57 -3 -5 -60 -19 42 -87 4 -29 -95 83 -72 -80 -57 -44 48 -100 71 98 27 9 31 54 -28 -56 -25 -2 -99 75 -15 -26 -87 7 41 -46 31 -25 60 -12 96 -12 82 -6 9
-14 7 -46 -61 15 65 -18 80 2 31 -53 75 -8 -45 10 30 15 86 5 69 -31 -95 -7 91 -96 1 -22 -76 4 -100 27 -73 -84 41 11 -20 75 0 -76 -7 92 96 21 -42 5 -40 -80 64 78 92
-23 73 -80 86 97 -65 45 -89 50 24 51 -8 20 -93 -34 -48 11 30 -56 -70 63 29 61 -3 31 48 -95 -2 -18 -64 82 10 -88 38 -25 18 18 -5 70 -5 24 -96 96 -81 96 68 71 -47 -93 -90
40 27 -20 -72 -52 42 7 -5 -51 34 59 -25 -4 63 55 -87 -37 72 38 46 78 -10 -40 80 -43 58 -63 15 93 -76 72 -19 -33 3 -14 32 -63 90 -8 -36 -3 48 -100 63 6 22 58 4 52 -61
27 8 8 -7 -92 -49 70 53 -44 -27 -36 25 -66 -55 -92 63 -87 -80 -79 -21 -33 -77 -30 68 64 60 -98 37 -90 -16 -94 -51 -96 -18 -33 76 74 25 21 73 -16 34 16 -29 -75 74 -10 49 75 84
-40 -93 8 62 -77 14 89 54 8 4 74 -6 -83 -52 -28 -10 30 -32 -46 83 12 -39 74 91 9 71 56 -92 17 21 -19 30 -56 95 -59 -39 -42 14 82 -69 17 98 -10 9 -84 41 13 -66 -16 -60
-54 41 -28 9 -13 10 3 98 36 53 -49 17 34 92 -26 82 -70 -94 -25 29 63 -8 -84 -88 45 -4 -63 -27 -45 17 -98 62 -17 -79 34 33 -61 78 -35 -67 -59 -20 -5 55 -67 64 43 -96 74 61
-47 -4 73 -1 62 82 -9 21 -22 11 41 39 16 -66 60 -41 80 3 -99 17 52 46 20 -39 -4 87 -3 -37 -30 49 59 -90 88 73 3 -21 91 74 12 -84 -14 61 71 -42 -14 38 61 -37 90 -100
-30 83 -80 43 -60 -68 -39 98 68 -94 -15 50 -89 28 -95 70 -66 14 -30 -26 -60 26 -10 -47 80 23 82 -65 -5 -100 -85 75 38 -19 -28 25 14 -26 -43 -13 19 -98 -84 38 -39 65 -48 10 50 77
94 75 -20 80 89 -30 -66 -47 30 -53 -13 71 -87 79 -87 -83 67 -29 -52 -5 -46 -95 63 -99 -12 61 21 21 83 81 83 -20 -57 17 -40 79 -31 81 -85 -54 61 66 -83 98 -41 -63 6 -2 45 -92
17 -59 -8 -72 -96 -77 95 -15 -56 -51 45 28 -75 -69 67 -48 -90 58 -99 -96 63 29 -9 15 -20 -41 40 55 -17 -71 13 -42 68 39 19 -42 42 -32 32 -6 -9 -84 19 -77 -11 0 89 -54 42 64
1 -52 -11 36 -65 -100 -46 84 47 39 -34 13 55 -55 78 -85 -14 -56 -78 32 84 27 -16 85 -59 47 29 -55 -25 -47 -16 9 -54 25 85 7 -8 93 11 29 -86 89 100 25 67 -69 -71 64 -69 87
63 -2 -60 50 91 -52 5 -48 80 45 -66 -20 -9 36 80 23 86 4 19 -56 -80 3 -74 11 66 -98 73 -94 -61 4 51 -24 -29 45 -97 21 93 19 33 -73 -76 -72 19 89 70 -62 14 -83 74 8
52 68 -71 -62 -80 -69 7 -79 -90 25 26 68 37 71 63 1 -35 -45 -28 67 71 -89 -60 -12 -51 76 -26 75 -17 -43 -1 -3 16 -53 -86 17 85 -83 83 20 93 35 10 -99 53 92 68 -85 -68 73
74 -13 36 85 -48 48 73 85 90 59 92 95 -70 -70 68 -83 46 -27 -94 -40 26 6 -77 56 -15 -53 96 -24 -97 -31 -98 -56 -72 22 -10 -98 46 -27 35 59 43 -64 62 69 -66 -66 -41 15 -48 39
-91 49 74 -99 -41 74 -21 -52 -90 69 26 40 -50 22 58 -20 -34 -80 8 28 78 -15 -34 73 -4 55 56 81 -47 35 29 -89 -39 75 4 -40 28 47 31 60 -51 59 25 -74 -14 -6 16 -93 -71 -65
-49 -85 68 30 63 75 38 -95 -53 -78 -33 87 91 -1 -28 -66 -55 94 75 -65 -33 -93 42 26 65 31 73 -16 34 -91 -57 -25 7 -63 78 -81 9 -25 6 55 -4 -77 32 60 86 44 -7 98 99 26
-31 6 -54 -45 64 -35 70 -67 -8 99 -17 34 -72 -30 52 -56 -76 -21 -81 -28 -12 -58 -97 84 -33 29 69 29 -36 100 -24 57 -57 -22 -55 -74 29 85 -1 -72 37 17 56 80 81 61 -10 61 -14 -75
-54 37 -32 50 -6 -74 -90 -83 -59 -31 39 -70 -33 -1 4 -23 -81 -21 -28 63 -31 62 99 -43 -69 60 -11 9 -37 -35 4 -26 17 -74 -82 91 -27 65 94 91 -60 53 69 -45 -56 -80 -27 -56 -7 70
-57 0 98 67 -93 56 73 -14 -11 9 25 59 22 -55 -72 -38 52 -16 -51 -83 -93 -100 -81 81 0 21 39 -30 21 -42 -21 -23 -6 14 -15 -73 -74 18 -58 -54 3 10 83 86 100 -51 1 51 -70 69
21 56 -94 82 -6 11 -92 -88 1 11 -34 82 -88 45 24 -77 92 8 11 82 32 -34 -56 -69 79 47 -29 4 -80 -92 -46 -50 -95 35 57 -31 69 -92 -58 5 79 95 34 -75 31 -79 84 25 25 -36
65 24 -46 77 -62 -45 13 73 88 -48 -64 -72 -18 -4 -9 81 28 -86 42 -54 -53 -16 81 -53 -81 77 70 -25 -72 -79 -36 -23 -65 5 39 -35 5 25 39 -13 99 -57 95 -87 31 -79 85 -31 -83 -24
-79 -13 -16 67 -95 -82 82 -73 20 55 0 97 45 -3 68 22 25 6 -43 -44 -48 -89 77 50 -41 68 63 -32 -82 -19 -8 -53 31 -72 -88 99 27 88 22 99 -91 40 11 -5 -46 -89 57 8 -65 75
-61 -54 -53 10 8 38 -75 48 -51 -29 -40 -20 -8 19 51 79 23 -4 94 17 -65 -40 48 -18 49 -32 -29 -83 83 -77 95 58 59 24 -69 95 -59 48 24 -61 42 19 -48 -37 -6 -82 42 34 82 44
74 30 -13 56 -82 9 -6 -12 -96 62 15 100 -2 -15 -77 -22 83 39 89 94 90 -49 6 64 -53 -80 9 44 95 17 -6 -88 97 79 -97 -40 -82 -22 -22 5 58 17 9 -29 20 -90 -49 -5 47 -28
93 -7 23 -56 68 47 -23 25 47 92 99 -77 61 -73 27 -39 45 -70 -50 7 -94 -33 2 54 -73 -96 -36 61 -7 23 83 -79 -39 49 -82 -33 -30 7 81 -36 -96 99 -13 52 -100 89 1 19 -92 55
55 -60 -53 17 -20 -9 36 34 -91 19 18 -33 -92 53 -66 68 17 85 86 -85 -69 6 -64 -80 60 19 43 70 42 27 31 2 11 -57 43 -46 -27 -5 -21 -65 30 7 53 50 -77 61 -65 -86 -40 50
-39 44 -87 -4 88 -85 60 63 -24 65 -78 -27 -72 100 31 48 14 -75 -2 -95 -68 25 40 53 -26 -44 -4 10 -23 94 95 54 40 -20 76 -33 -2 -21 -6 55 -26 96 61 89 61 -65 10 -51 -15 -37
89 -8 -1 -41 -75 -21 -47 59 79 -64 75 92 -43 -75 88 0 62 87 -57 99 26 -79 -23 4 -97 -89 87 95 -83 -52 60 -55 28 1 -45 -78 -85 -81 47 79 -69 -27 -20 -42 -56 -49 -55 -98 68 -85
78 -14 49 54 -31 -51 -87 -4 92 82 -14 -86 94 88 -79 -88 6 -22 -29 82 -43 41 -15 48 8 74 -17 50 -17 83 90 67 33 29 -59 62 92 6 -53 -76 -97 -20 85 91 57 3 61 14 28 71
-26 5 30 62 -32 11 100 -69 93 -57 -44 88 -82 -69 -17 -78 -28 11 -38 5 -11 26 -91 14 52 -91 15 74 6 84 -98 -68 -18 -77 14 97 -52 24 74 -97 -17 -34 -19 31 69 30 31 -93 15 47
-24 87 -65 20 59 55 -3 74 -15 -52 21 -2 -94 -14 60 4 31 -45 -99 -50 -64 94 44 -63 -92 -93 -20 73 -34 -65 -51 86 -16 14 -85 34 88 -40 -56 88 -56 -58 9 50 -68 52 -29 -17 -33 -30
25 -91 -29 -82 -40 -45 68 -71 41 77 100 -5 23 30 -25 -19 -47 -81 84 -93 -18 68 -8 80 -97 -32 -49 -49 -83 -76 -45 99 -44 72 16 79 83 -49 80 -39 52 88 58 -20 54 47 -76 -82 75 -63
40 87 82 68 21 -62 -2 -44 -73 16 -55 -37 36 -55 -29 46 100 45 67 -62 74 -40 45 -98 46 -32 -17 66 -100 -83 61 -23 20 67 -60 -81 73 -29 -34 -73 -28 -15 80 -97 77 77 0 15 39 -91
87 74 -8 -42 -73 -71 -55 -76 -68 92 60 55 -87 94 -23 91 90 -29 83 85 -40 -6 -50 41 -73 92 44 52 -53 99 87 36 40 -59 11 -44 -69 47 74 22 -61 -65 -13 74 -67 99 92 97 98 45
-91 -2 42 -40 -51 -22 59 -6 -86 -25 19 -35 -12 25 18 -85 -25 57 29 -51 51 -34 15 88 -2 57 -98 62 47 42 60 46 -59 55 -64 43 18 -8 2 -90 -2 4 51 9 -59 4 -12 -42 -92 49
70 -91 -17 2 27 -5 -100 -33 -5 -19 22 27 39 -58 10 -80 7 71 -65 -26 -76 -94 49 30 -60 -95 74 -51 90 -61 17 -44 -84 -77 28 -54 -8 -89 12 54 99 -76 48 73 -49 65 56 -38 -38 -23
-14 -1 96 20 -26 67 -15 -81 42 65 33 -64 74 93 -14 -9 -47 -47 15 7 -63 69 51 -86 99 54 -70 16 26 14 100 -70 -3 47 -5 39 42 81 80 65 -70 -78 -12 -21 19 45 70 -55 50 27
11 -43 -17 -87 -88 62 52 -44 -61 -36 -95 -15 -28 -99 -58 -81 50 -80 85 -89 -39 -99 -98 76 87 5 -3 -5 14 -72 -14 -4 -67 -43 -25 96 -19 78 -21 -11 -32 12 37 24 70 51 22 -33 62 59
50 3
36 59 -68 55 -1 44 -57 -82 55 -40 74 52 -74 -17 -7 59 -39 83 -53 -19 57 -63 71 -55 -16 -56 58 -66 92 -2 87 -27 5 -41 78 -30 -64 34 -14 -52 2 -52 12 15 -98 52 -31 15 -33 54
74 52 100 -21 98 -15 -10 83 40 -48 45 -7 96 -85 39 27 -53 -76 -93 13 -100 46 -79 7 62 16 15 42 -29 -49 97 -90 52 34 -44 84 55 -28 -27 -100 52 -93 83 75 -35 -57 75 -41 90 16
-44 -33 -21 10 -67 20 65 -40 -92 74 5 -66 18 -16 37 6 23 53 16 -85 -77 -83 -29 -99 -71 -85 -39 1 -8 18 -63 43 -1 16 62 -89 -50 39 1 49 77 81 35 -77 -35 17 -13 -32 -29 -5
-43 72 -95 31 -25 -78 -78 80 91 22 87 54 -36 -1 45 27 45 -27 75 -17 96 28 -60 19 -41 -18 -58 95 -34 25 84 47 22 49 69 -100 -49 -3 -21 -74 -63 68 -70 -24 -75 -83 -85 25 -29 -23
-77 22 -13 53 -16 43 -68 41 76 -19 -89 -82 55 85 -45 -77 33 -42 -66 -35 -6 57 61 -96 -76 59 -45 -71 -59 0 42 75 75 -78 -19 79 -55 16 -1 56 75 79 52 -32 39 -7 -82 49 -63 -85
24 -49 -32 16 -31 -10 77 -23 -53 -55 69 -6 73 -51 -23 -74 46 74 -57 -53 57 -92 -95 -23 42 27 23 99 -35 -52 -62 38 -57 -29 -100 -24 -87 -95 -15 21 -96 -86 89 59 28 -11 -62 14 98 1
-34 -16 -81 83 93 88 66 2 -73 79 31 50 -84 40 17 8 67 -5 32 -88 -91 -12 -54 49 71 -8 77 95 41 12 -41 -44 -64 -33 -21 99 57 -20 88 -46 -39 -45 64 84 -77 -37 91 -33 47 61
68 -98 31 -38 70 94 -4 82 -35 79 69 48 -97 -19 -89 79 -99 -11 51 -74 76 -37 38 -76 8 94 39 61 -64 21 -97 38 -11 -92 -11 11 35 40 44 -93 -62 30 48 -92 -54 11 79 -43 -37 -57
2 -63 66 5 9 89 12 -42 -97 -18 2 -17 -53 -22 42 35 72 -16 -7 3 93 -82 44 29 -53 97 81 74 -29 -63 61 12 -89 -19 6 -4 -1 -27 -55 -55 -31 50 -84 4 63 -69 32 -90 -5 23
5 -7 91 92 81 -34 95 42 -7 8 -54 -89 -99 -8 -27 17 -81 -14 86 5 47 -58 54 52 -33 1 -8 16 46 5 49 -24 75 31 -15 -95 -41 44 -82 -42 -79 -63 -21 34 -96 9 91 66 42 8
-87 20 18 50 -29 -6 1 -28 79 64 -75 5 -16 45 -45 62 22 -74 -87 -6 90 19 32 -59 57 65 -17 7 4 49 68 -85 -56 47 -88 -51 65 -17 46 -8 -92 32 42 62 48 -97 -71 13 -7 -42
-95 55 97 -75 -64 -61 89 -66 -58 -93 56 -42 -65 -4 -10 -6 -12 -43 -7 47 25 -12 -54 10 -25 92 94 -6 -37 28 17 45 -76 90 38 -86 51 -82 -37 -23 2 -8 -17 -38 -60 -88 -78 -32 -41 62
12 19 57 -6 94 88 27 -68 -30 100 47 87 -15 55 39 47 29 87 66 86 -98 -76 -31 -61 -51 -68 62 -53 -17 78 18 68 -13 57 81 50 91 -49 -17 -38 59 19 -12 100 -12 22 24 18 -58 -82
35 -35 -81 23 -11 3 7 -10 -67 -55 -77 82 4 -59 17 95 -90 -18 -71 99 44 -52 -64 -46 24 -98 -2 65 33 22 -23 53 -6 -8 63 17 98 -32 -44 15 99 -26 -33 81 -38 -69 51 -35 -90 -18
19 85 -58 23 9 54 -8 -91 -13 -90 -9 -17 47 -95 -20 -40 14 -57 -20 -89 -43 -47 3 -90 -50 -25 -42 31 -55 13 45 66 60 22 -19 48 13 42 47 73 -98 -7 91 -89 -4 36 -77 81 4 -89
73 12 -90 -18 -2 -90 -99 -43 -50 -50 16 -71 -96 -46 -27 -5 35 -37 -37 -14 -58 14 -60 -85 20 7 -44 -68 6 68 98 13 -46 -60 -16 -17 -53 -85 31 10 -53 17 46 7 79 -66 -56 -100 78 -3
-26 -42 24 -60 36 38 -77 6 40 19 64 55 -6 60 -28 96 -9 51 88 -56 75 96 -86 90 -97 -100 51 19 -42 61 92 19 25 -47 88 -97 -30 44 -54 -12 5 -17 -42 -29 -72 5 -59 43 91 92
80 75 27 -33 48 45 81 66 36 -58 10 -58 -24 -61 -44 80 19 65 94 -6 92 9 92 -83 45 -97 -34 61 49 -61 51 33 53 -32 -87 -19 -68 -18 -32 -33 -34 99 -30 -57 14 30 89 53 10 -14
-84 65 -91 -88 63 -93 -32 -82 -95 -5 75 73 70 -70 -38 74 4 -17 63 83 9 -32 47 -97 -19 76 77 97 58 -88 10 -96 -96 69 51 52 -100 81 -80 -68 11 3 64 -72 66 33 -46 45 -29 76
19 -16 -71 -10 53 34 25 19 42 -3 -10 10 -17 -37 97 86 -19 81 -16 11 50 29 33 30 -32 -50 33 -72 10 -45 3 59 74 -6 -13 62 3 34 -86 13 -45 99 89 -5 56 58 -70 46 0 43
86 25 -22 41 16 81 99 -69 20 57 67 68 -27 -16 -88 71 1 49 73 -61 69 -66 0 96 87 -33 31 0 69 -2 9 -8 -100 12 -37 -84 99 -88 54 51 -21 76 -17 38 -52 99 -13 -2 14 -94
43 -4 40 -5 -54 -27 -84 -100 -23 74 44 -16 6 -100 73 36 -43 92 7 -46 -72 74 68 -1 80 -36 -22 -58 -11 -53 -52 -9 0 42 -48 99 10 97 60 -100 2 -42 -63 67 -100 -14 -83 -9 -85 -73
31 88 -42 -88 87 -16 87 -43 2 -64 -35 1 -47 60 -60 -56 -70 -20 24 81 61 -74 -25 -20 -41 26 90 7 -94 3 -49 -25 32 49 -60 20 46 -49 70 -24 90 11 -82 -18 -23 51 -27 3 -66 -38
24 42 73 11 -10 -85 25 -75 63 -66 -64 29 -27 -84 -50 -52 -56 -40 91 -77 -12 -82 5 -89 -82 90 -43 -39 -85 -30 -50 47 -77 57 11 -87 71 43 39 22 95 62 -28 50 -11 40 -39 -78 27 -65
-41 23 -43 -69 -77 -100 54 6 -82 85 -24 -13 -53 -47 -59 94 34 65 3 -24 15 -75 -3 -26 6 53 -28 -51 -36 5 6 43 -45 76 28 -55 -80 95 -74 -22 88 56 -87 -43 71 51 -19 -98 -13 88
-32 -40 -99 3 15 -70 81 -96 -47 96 21 -44 -29 4 -59 -61 -95 75 -89 -79 -73 21 6 -36 -47 -47 -60 -21 81 -7 -59 -80 8 -4 8 39 1 42 67 -88 -13 18 -38 32 -52 29 64 72 0 -91
-31 -45 -97 -14 -27 12 -86 81 -5 94 17 -49 -86 93 -18 -46 -69 -6 90 -26 50 -83 -19 30 20 41 -76 1 -43 11 96 -28 29 -1 24 94 -3 -37 50 -57 84 44 -32 -50 -91 33 79 67 74 -28
-51 -13 54 -22 -50 -7 -7 -79 -60 18 -76 7 -38 96 40 31 40 -43 19 67 -46 39 -1 83 41 47 -36 -25 -39 14 -43 -73 0 -94 68 -30 -62 92 3 68 -38 -74 -65 16 77 -75 5 100 -39 -65
83 -24 80 -70 98 22 24 61 -28 37 44 36 95 89 85 -82 1 -6 -27 -42 70 -18 3 -78 -94 24 2 -53 31 8 -12 61 -56 -14 18 -19 -14 -49 82 26 44 57 71 -27 -13 95 83 -75 -1 -43
83 -35 -32 10 -64 -69 -81 -15 95 -64 -49 -71 96 100 33 31 -93 0 -15 -22 -12 21 -69 53 -19 42 -58 36 78 0 25 76 28 -81 75 88 -76 91 -89 7 -24 84 -93 74 -28 -78 1 -72 66 82
48 32 92 92 -76 67 -4 -40 -90 -21 79 45 32 0 -86 66 -65 -71 33 -49 17 -62 18 20 68 -39 -43 -32 -46 -39 13 -5 -48 16 -99 25 -6 -17 -98 3 82 -6 -96 -91 23 -90 -28 84 -100 -44
-9 -99 -69 79 -9 -56 31 30 -37 65 21 85 29 -3 -6 -82 39 -53 -23 -31 -75 -67 -49 46 -42 72 38 96 7 -89 -26 -12 -20 -7 7 56 -72 -77 53 30 -54 -12 -30 -35 16 2 85 -1 74 24
34 74 17 58 8 81 -14 55 -27 14 -100 -10 9 -27 3 -78 77 -58 62 -67 64 24 85 11 53 -33 98 -94 -77 4 -84 -89 -81 37 89 -31 89 37 -17 33 -9 26 68 -58 -72 0 -80 -99 -2 -29
72 -81 -50 66 -27 42 87 81 55 86 27 -82 59 -95 -70 -10 -64 -99 -84 9 -65 -59 78 -43 43 -58 -30 54 25 12 7 -4 60 -44 -64 21 76 -96 67 55 58 21 59 84 9 -99 -96 -8 -18 98
41 85 95 11 -100 -3 11 38 -15 82 -59 -8 -34 89 -1 44 11 -64 82 -48 19 30 -79 88 83 -96 -4 19 37 21 30 -52 2 -9 60 -9 -76 -56 -18 -67 -100 26 -15 -37 5 73 66 100 -64 27
13 86 71 71 77 73 38 4 -17 -42 -33 40 -63 -34 21 -10 84 32 -60 -24 15 -39 84 89 -26 53 14 -22 23 18 32 -55 -17 -3 -45 -71 -40 29 -96 -60 -48 -77 21 74 78 1 10 56 -50 92
-46 68 -70 -98 25 23 25 -61 -80 49 98 -9 -59 99 -58 32 -12 -23 1 -73 -98 18 -85 68 98 58 86 -78 98 100 50 89 -65 52 -51 7 -73 88 -79 -39 -19 78 18 51 62 34 -82 74 -84 42
30 41 64 -63 -56 -48 77 -97 1 18 67 -47 53 13 59 -47 -70 -58 -36 52 -85 -67 84 -53 12 69 29 -79 -28 -44 -23 83 -13 6 -27 2 -67 -12 -60 17 -60 13 -88 97 -10 89 1 59 67 49
-65 46 9 -64 39 -74 -49 35 38 66 -13 39 77 -86 50 65 43 65 72 24 45 39 -1 -32 0 -33 80 -19 36 -52 28 50 94 12 31 -21 -17 20 -74 20 95 12 -80 21 99 -53 41 53 46 43
-88 32 7 -53 -48 -65 -3 44 -28 36 2 -79 95 -40 -97 -59 -57 89 -83 -94 91 -91 -1 98 -44 -79 17 6 62 34 -39 -48 94 -65 -90 -16 20 -89 -61 -77 62 82 -8 -19 -86 -33 81 -77 -62 -19
-88 -44 47 -67 55 -83 -21 18 6 53 40 -67 -37 -1 -55 90 65 72 41 -96 -41 -3 65 -23 -42 10 -99 93 52 -25 -41 87 32 48 66 -99 63 -99 -17 49 73 59 1 96 77 -29 -73 -58 34 72
45 13 9 52 -82 -97 -85 -81 -27 -67 9 79 73 53 15 22 68 -54 -51 -84 -53 -19 74 -32 64 94 -64 -61 3 -44 -93 98 -27 9 -97 -28 30 -45 86 -100 -75 19 -92 -68 46 66 -94 23 82 -42
87 76 -81 19 -27 -53 -79 66 -25 -3 72 70 -29 66 11 -59 22 -73 -84 -68 32 73 85 61 78 90 33 22 -20 54 -48 -31 76 -51 -16 -92 81 79 53 16 55 -13 67 7 72 -42 -75 79 44 56
54 56 51 60 -18 27 -79 -81 -62 16 9 -26 -54 100 16 83 -71 26 -48 -2 -14 1 -86 -80 2 -41 -40 87 -59 -44 -76 99 -58 -55 55 79 46 84 36 -76 76 89 40 -12 -7 97 -21 -30 -1 64
-86 26 26 -44 -75 -23 -55 -57 -20 -25 -28 63 -47 -74 -94 -96 10 4 -84 -51 -47 98 -35 77 -92 -84 64 -5 -48 -9 -15 19 -42 -13 92 -22 -16 70 86 8 -35 -77 -57 -32 35 68 -45 -68 -16 79
-29 16 46 75 -16 -26 -55 -62 95 -10 -34 40 70 -88 36 -93 31 -71 46 -11 42 -53 44 -19 23 -84 -77 -8 95 62 -91 29 -27 -62 46 -69 13 47 95 -55 -57 12 -52 79 -59 37 95 -75 -67 43
99 -3 94 73 -57 -55 42 79 42 7 63 -85 -70 -97 -24 15 -68 -65 -60 47 75 65 95 31 68 -7 -18 49 13 -86 -38 -36 23 -8 85 -27 65 32 66 -25 9 -36 -69 63 -93 -14 52 -70 -8 84
-59 -39 -19 -50 -98 -64 -58 -37 -73 59 54 36 -84 81 -80 82 -40 7 -35 -10 -48 66 -66 -55 34 -1 -24 -29 -51 59 97 -38 27 90 -94 -19 27 -26 -58 96 30 -2 73 92 35 -36 -68 6 -51 46
12 -25 -43 -51 38 37 -62 -70 93 63 74 40 10 -84 -86 -79 -80 93 -64 38 61 93 28 88 53 -59 56 -76 -19 16 -19 -60 -16 37 92 49 -51 -100 -17 87 -74 16 93 15 -14 95 -81 28 51 67
17 -53 -87 97 -55 40 47 -14 21 15 61 -11 75 -39 29 35 -59 -98 69 67 13 70 50 -88 -39 95 -5 -9 65 68 -68 85 23 -82 83 -94 8 -83 -97 36 47 -27 5 -62 -1 0 -44 69 -69 12
50 25
63 -62 -37 -72 -79 56 85 -95 -9 -43 18 15 -19 -18 17 -17 -14 -90 -41 -86 -93 69 19 -27 45 -87 84 -10 33 24 24 8 -42 -96 83 37 30 56 44 73 42 97 -72 85 -71 83 24 -36 19 -87
63 99 100 29 80 -42 43 76 -52 -31 8 96 91 36 -71 -8 -9 -97 -56 18 25 49 17 85 -89 -84 26 67 -90 -68 36 -49 62 -94 80 -89 -95 55 31 23 13 12 50 96 -77 84 -83 -89 -19 -51
25 27 73 -85 -71 40 21 -5 31 37 -86 -94 98 97 39 -74 23 -6 -81 28 -5 72 24 22 51 -77 55 93 20 -99 8 91 62 84 -24 -55 41 -9 84 -46 -65 80 -38 1 67 -17 46 19 5 39
90 -15 -71 39 34 -78 -42 28 -13 -5 -16 50 -99 -57 15 -50 -26 -20 -93 -56 -34 -61 72 -81 63 -2 38 -31 -95 -41 -23 -96 99 -14 65 -99 -21 -58 -10 24 -62 39 -54 69 -30 -11 -87 -62 60 98
44 -47 -1 78 67 -46 68 9 49 48 3 99 47 20 61 -96 71 -88 55 -32 36 12 -56 86 54 19 62 15 37 -96 5 89 -28 -28 -50 12 27 -50 11 25 -36 -6 -7 62 90 -80 50 -100 -36 -23
17 -57 -4 98 -15 8 -47 -83 -33 28 -88 59 -35 60 -37 98 -75 86 79 -59 61 -46 72 -50 85 -34 -74 33 -58 22 80 49 -30 25 -27 15 7 -80 0 62 12 -81 -67 -33 -38 -43 -28 -27 -31 -71
67 83 -32 15 -89 -64 -61 -83 -75 78 -59 44 -41 71 54 79 26 -71 -46 48 45 5 64 -66 -15 9 -17 -56 -42 -23 -76 49 93 -97 22 -1 56 -12 57 18 -68 -43 42 -69 -71 41 17 -4 -77 26
-85 86 17 -31 -80 87 58 -2 16 6 -63 -45 62 -47 -85 -65 29 82 24 53 36 -12 94 98 -81 -92 -62 -30 44 5 -64 15 95 -1 51 -74 11 87 -92 -64 -39 -35 -91 -28 -70 95 -12 50 42 -49
-44 81 81 -59 96 -84 25 56 16 48 -54 98 75 -44 -33 68 -58 24 99 -98 -27 -47 -68 51 -62 -16 3 -82 -90 3 -57 18 30 -62 -58 28 65 88 -85 48 -12 98 70 -92 52 63 -34 27 -45 9
60 -10 96 85 -63 51 94 -71 -40 -21 61 -52 54 -89 49 71 -82 -51 -39 71 84 46 -81 40 44 -35 -51 84 15 -92 12 53 -35 -1 -70 31 33 -89 -69 11 -80 -67 -70 -32 99 36 -52 -56 -41 -18
-70 -86 68 -49 -78 66 39 -26 -85 15 -29 -14 -62 8 2 -19 -100 -66 96 55 74 48 -91 -4 49 72 32 -6 -86 100 20 96 -25 -33 98 -45 8 -82 -18 84 11 49 3 83 38 91 -34 61 -47 33
38 72 53 17 2 -11 60 31 11 -40 34 46 -60 -26 68 76 -84 -82 -30 87 -72 -86 30 -58 72 76 46 -20 -75 52 -79 -73 -45 -86 -39 19 -31 92 -96 -39 6 7 9 94 88 8 -32 -88 -69 -100
47 -5 58 -70 -76 49 -62 93 -13 -46 -58 -21 8 -8 62 81 99 92 29 -83 -77 28 -20 -81 57 99 36 -32 -47 44 -10 22 -91 -53 -29 -97 97 -3 -72 -88 -98 -46 -19 0 -71 -41 94 -28 -28 19
-78 -27 94 -85 81 -36 6 -94 98 77 -51 -99 82 -95 -51 -62 76 36 68 33 -93 -49 -39 55 -81 53 49 -24 -34 -59 -79 46 -2 47 20 -11 -74 -88 -55 49 -21 13 14 -22 -25 49 93 -79 -49 99
98 -55 49 53 18 53 38 -81 -19 -76 78 3 50 -4 74 -80 45 -87 -4 69 4 33 -69 -18 -58 -93 -61 -28 -35 -50 47 87 83 47 81 42 -60 85 22 -22 42 -36 -26 51 56 90 -27 -35 99 -26
-30 18 -96 -83 73 -84 -65 88 -92 21 8 -2 20 -64 -72 96 -53 22 29 -31 40 86 -20 -50 7 27 6 61 -82 -50 -59 -70 12 44 94 26 -56 -81 30 -39 -63 45 4 35 -13 79 100 -27 -56 -51
-89 -61 -89 -3 -77 -55 94 72 -76 -23 2 -37 -23 -97 -80 8 -83 27 -88 -56 -68 19 34 26 -30 60 -41 -38 -51 -49 99 71 45 -54 -64 -29 -53 -72 15 82 -51 39 -33 -100 -27 -42 -67 -54 3 29
3 49 -45 67 78 3 24 24 -94 -55 33 48 65 63 -10 89 -21 -80 37 -70 -100 83 -69 -73 -55 -22 -78 55 -27 50 28 27 96 83 -26 83 22 -87 38 -78 65 -45 -71 73 -96 62 86 84 -72 -70
61 2 29 -80 -69 -90 -25 1 -10 59 -61 -22 -99 10 67 89 -8 -81 27 18 -39 77 2 -15 37 70 -50 60 -59 -58 43 -13 75 30 41 22 43 -46 76 78 -78 43 -37 38 -8 -4 46 50 -9 15
-25 88 -28 -64 61 40 -53 -83 -43 -35 -5 -100 49 -94 15 -100 2 -84 -83 85 78 -26 1 51 16 -70 -74 -21 91 -54 63 -78 -79 15 -42 79 -4 -74 -38 -74 -37 -45 -92 57 83 72 -69 -22 -71 52
-15 85 -31 67 -48 36 -88 -19 -7 -26 -57 2 -1 -17 84 -38 99 -2 37 -62 72 -16 -48 -84 8 72 -57 69 -91 47 -84 -30 -44 47 -78 89 67 7 -45 85 92 -28 53 -38 -34 61 51 21 38 -71
-37 -32 -91 -51 57 88 65 78 -85 -43 -40 43 -55 11 15 -8 -61 -2 68 -52 4 39 -100 -6 1 -29 -63 -89 74 48 -17 -85 -74 17 -40 -75 -72 -62 100 -81 -11 -8 -71 -97 30 29 86 35 -87 -26
-95 16 6 -90 -54 20 -68 26 -28 -79 -75 27 27 65 -66 37 99 0 88 -20 72 -92 50 -33 24 37 72 -88 13 51 81 27 -45 13 66 93 79 16 -8 -63 56 -31 -50 18 -64 94 -4 10 37 67
-58 14 40 69 91 -56 51 52 -95 -42 -78 31 80 -8 -12 -10 95 -79 -69 -28 -27 -85 -63 73 20 -18 37 85 63 2 -60 4 -66 -51 -62 92 -69 -45 95 31 33 -42 -51 -84 -56 -54 89 22 28 61
8 -29 30 53 45 91 -62 -70 -59 37 -12 38 76 94 -14 83 -30 -31 29 61 84 46 -57 30 93 -42 -63 57 60 -42 -17 59 -30 -60 2 -72 42 35 -27 -11 92 23 -1 -64 82 -86 -46 -83 -7 -53
48 4 -16 -79 -95 -11 -54 68 -1 63 71 94 -61 -74 -63 -80 -50 65 -27 -7 50 99 -51 -54 -7 7 65 51 -24 40 -54 -50 -77 36 64 100 42 42 66 -38 -65 -23 -79 6 29 -32 -10 -92 24 -18
-21 11 50 60 29 -81 -90 14 -7 -3 17 -68 26 -58 3 -86 -79 68 -31 59 43 -36 0 -56 -73 -53 36 13 37 -63 78 19 19 53 80 4 -72 14 45 80 -96 31 -98 22 52 67 56 14 82 -31
22 42 37 -87 58 9 49 -12 18 -41 -89 52 44 98 86 -35 -14 62 -3 95 87 30 -91 72 84 -63 -3 -28 -27 -84 45 -16 45 -56 40 48 65 16 40 29 81 57 -76 98 94 -69 -66 -23 73 27
40 79 -25 42 -74 5 -13 -8 91 89 -17 -99 24 -13 49 -17 -4 -23 29 -97 97 90 -3 66 16 80 64 -22 15 43 -49 -59 -56 -66 -4 -2 36 -70 64 -85 -32 -49 61 -53 58 72 74 18 -44 -70
85 -51 91 32 90 44 25 14 80 24 -25 -2 57 -10 73 84 0 -3 54 37 -52 9 17 -77 -64 -93 -20 0 88 -15 20 -45 32 77 -62 -88 -54 -62 99 -11 -75 63 -14 -13 -73 -61 5 70 98 94
63 -90 85 90 -52 -54 -22 -48 -18 90 -77 64 -21 -22 -38 56 9 79 4 64 52 -51 85 32 -73 20 -12 8 -15 -43 -29 33 -46 88 82 31 -44 94 -69 100 -88 -13 -49 34 20 64 38 -18 -33 14
99 -33 -67 -1 -78 -14 -39 71 -4 -8 -33 -10 76 -76 15 -93 53 -93 -1 31 53 34 -35 -32 29 13 80 -78 -70 35 77 31 -72 3 58 21 10 37 88 81 -27 99 -88 63 66 -6 -13 -27 -10 85
29 99 80 -53 43 85 9 -40 -89 -4 -21 -49 -48 -28 -36 -33 71 -52 55 -84 33 17 -40 -76 23 48 -44 -37 1 -27 2 -50 31 -18 -14 71 76 86 92 49 53 81 -65 -50 -65 30 -34 22 -88 89
-61 -98 -28 45 -63 52 96 -67 -18 -90 98 21 -40 80 42 32 56 42 -88 -46 -20 29 97 33 -59 -1 -25 -67 -88 49 68 -82 27 49 -69 3 -97 -77 -21 -72 -18 85 -45 86 -17 -66 43 -53 -74 -86
-90 -58 30 -31 -56 16 3 78 -84 -35 -38 87 -3 53 86 88 40 53 -14 -69 -39 -96 -42 60 -39 -19 -63 -3 -98 -21 53 -36 -16 39 -45 3 39 -50 -11 43 67 -8 15 -84 -29 18 22 37 56 -46
-12 -13 -83 -88 -83 -97 -6 -71 -61 25 4 43 96 -94 53 -47 21 40 -89 -95 -59 18 -1 45 67 80 81 12 -61 -79 81 -38 -72 85 23 24 -64 -98 -26 59 68 27 94 -17 9 93 35 -48 -96 -7
-72 40 -53 16 -79 76 -60 93 52 -8 -41 18 69 47 -30 58 -77 -36 -54 88 21 -98 -36 -51 88 -51 46 97 48 -34 71 -41 -9 59 -78 73 -52 -56 26 -45 46 -90 -65 26 -22 27 -2 -16 -47 -50
74 -40 23 99 -34 30 -89 -23 -3 -82 -97 95 17 32 -52 38 46 80 74 45 7 -87 -36 28 -66 -28 59 -83 100 -76 39 -69 87 86 -46 -14 -94 -61 10 59 -63 66 -73 -57 -31 -48 -8 -81 5 -95
10 -37 -19 -10 -70 -98 -32 51 -9 -80 88 -24 57 1 -68 99 60 -79 55 97 -34 92 90 40 63 -32 30 38 -14 -95 -79 32 11 -34 -95 -83 -78 -98 40 -93 78 -24 -17 -38 13 36 5 -9 -4 -20
100 4 75 -3 44 15 -36 27 67 -51 69 9 -100 -17 92 20 34 -80 -2 -50 -24 30 2 -75 -92 -93 4 -13 80 4 -96 43 59 -42 -58 21 9 -36 42 -77 -62 93 -80 24 15 -85 7 18 -17 53
74 -4 -37 82 -51 38 29 -46 -41 55 11 35 -61 -4 -68 53 -18 -29 66 -21 -31 -27 41 -23 99 28 21 -28 -21 -70 -8 47 -45 40 -5 88 -59 69 95 -30 46 -50 28 -97 2 -42 -26 89 -96 71
-98 36 8 0 -34 33 25 -69 90 -48 -10 31 100 34 -20 -1 84 -7 6 -79 71 63 -46 38 -40 -35 74 66 88 15 67 54 49 -23 66 -89 -56 -10 79 94 -6 4 95 61 -30 6 -47 -74 60 -53
12 41 -79 -28 60 -22 -22 -2 -64 -85 2 19 31 -79 7 -59 -62 30 -45 25 -34 48 -12 58 5 -37 -29 -19 35 27 -97 -43 8 0 -94 -70 -75 26 84 27 -26 15 22 -89 -40 12 -26 -27 79 92
-21 -2 -39 28 53 30 -76 -20 -100 -92 94 -64 78 41 85 61 -6 -81 16 -11 51 -9 -95 -5 -56 85 -12 57 78 70 -97 57 34 -17 -66 11 87 89 71 41 -75 -17 -17 15 66 -58 75 17 50 98
44 57 83 -47 78 -91 -32 17 -93 -39 76 8 -30 15 -20 -61 87 -95 -62 -67 93 17 14 95 11 -52 72 81 98 53 52 97 71 26 14 27 -40 -79 43 -79 67 -25 -28 17 -20 -99 -28 -29 -68 10
-74 -37 49 -96 -66 39 -37 30 -42 91 66 81 -41 -66 -29 70 94 -89 2 21 12 -41 7 -86 84 -3 -54 -36 59 23 -7 -95 81 -49 -80 57 -71 86 83 93 -84 63 -31 27 -88 44 -42 52 57 -71
29 -35 -8 -72 -93 12 27 87 80 17 24 -23 51 14 78 47 -77 -94 -79 -2 -98 -27 -43 -4 45 31 60 -66 99 53 52 46 -61 -83 -5 56 -17 -24 10 -82 -7 -75 -72 6 -60 -62 -21 -86 -34 -51
-51 -76 -82 -2 50 74 -95 34 -100 -26 69 96 73 20 -39 -4 82 -31 16 63 47 -4 95 -42 -49 32 17 -79 42 -25 30 -69 91 -11 -85 -91 -50 -95 14 5 -61 -47 20 20 94 -72 99 89 -88 18
62 47 -7 57 51 -44 -91 23 -94 22 63 -92 65 35 31 -14 -58 -2 74 -68 72 -59 -48 -21 -65 -37 -89 -4 -57 -29 41 85 -73 20 73 15 95 87 -39 -10 -41 68 94 -85 15 96 66 67 -70 -66
83 42 75 -4 -82 71 -92 -29 -90 86 -26 90 -96 69 -76 -28 51 31 15 33 -92 -94 -16 -29 -47 -22 -95 -36 8 -34 13 -88 -100 -89 -82 54 -98 97 -44 10 66 61 -37 90 -86 71 -36 55 -50 76
50 26
56 66 6 40 79 94 -60 96 41 -43 55 -12 -2 96 96 -55 -71 -36 -72 45 59 -6 32 -15 44 -48 -35 -72 71 64 -96 -89 -59 4 -46 -71 8 85 -87 -44 78 1 -81 -72 -62 -18 -63 -20 72 90
1 50 2 76 -83 44 26 58 -64 -77 -73 45 31 61 -74 -94 62 95 49 15 52 68 -59 -17 9 -96 4 -72 89 43 47 56 -86 -39 -50 99 -77 73 -32 -53 -63 -74 24 17 43 -96 37 -63 70 -57
-79 77 22 43 -93 -95 47 50 -60 -89 -43 -72 72 -100 -99 17 -37 65 30 -24 -97 9 -87 21 75 18 51 18 -97 29 15 59 -24 -67 97 32 64 -14 30 -30 1 -23 96 61 -31 -71 -12 -31 -32 7
43 8 -39 -20 82 2 -22 -6 -63 92 -92 44 -31 -34 -35 41 -95 -75 5 -100 3 82 7 84 -70 91 94 10 79 -44 67 36 -58 -87 -75 -56 18 23 1 84 -45 74 -96 -83 30 63 -26 -47 -88 -46
-84 -28 -61 -1 5 38 58 -35 -38 -41 23 -82 73 -48 -97 -66 14 -96 25 95 4 70 -32 20 -33 -5 -37 -37 0 -39 -83 90 -86 -49 43 -31 -92 -29 49 -58 -49 -63 17 -48 49 -77 -67 54 49 -89
-15 70 93 3 -6 9 5 59 -94 -58 -82 13 -20 -13 12 66 -89 -80 -92 -14 -91 -80 -14 42 41 -30 85 -21 83 -97 -24 4 36 -40 61 68 36 -14 56 -52 97 -98 32 33 -63 -55 18 68 -41 79
2 10 47 68 45 -17 -71 98 43 -40 50 97 -86 -21 32 -57 62 35 14 -28 10 11 -21 -85 13 -14 55 25 31 -82 -40 -26 -50 7 -10 76 -9 -18 -17 27 -97 -5 28 -14 67 -99 1 -62 59 95
29 -56 -13 -32 17 61 59 44 55 -99 -28 76 68 -67 -78 -36 40 57 -31 32 27 -90 -1 55 98 78 -14 -66 -71 65 -51 60 -2 -31 7 -15 32 86 -92 76 8 29 -32 37 -77 -23 -24 85 6 -46
-93 -61 -27 78 89 61 90 66 -15 -47 -19 70 56 70 73 -44 91 -55 -63 12 -65 49 -14 37 -80 34 83 -20 -88 -16 -45 -86 -6 -17 54 -13 -51 -85 -39 42 12 -39 32 -37 -73 -56 15 -63 -37 79
8 -37 -33 -11 52 -21 89 24 -82 -39 67 88 84 47 96 -87 28 44 -3 -5 93 -65 -23 21 84 68 -35 89 -16 68 29 -13 86 95 -88 -82 87 39 4 -28 59 86 100 44 -88 -76 -10 28 -1 76
51 -13 -17 -98 -82 -59 12 -62 -63 28 -2 -76 -17 36 -43 38 -31 -2 36 -73 -9 21 92 -54 91 -83 50 -37 77 -79 -41 19 63 -53 -3 -67 37 89 6 42 61 -51 83 -65 -42 -34 -31 -10 2 18
69 82 -92 -100 46 -11 -16 -51 -51 -21 2 73 58 71 5 54 -62 -18 71 -17 9 -78 37 71 -89 -85 -70 97 -7 -65 -19 50 34 -99 96 -74 -7 -98 -57 49 -96 53 -50 -51 -77 -37 -20 -83 -79 73
40 -43 85 60 -17 -62 -59 19 39 -35 1 81 52 -94 10 -26 -41 11 -28 30 -85 53 7 -89 -57 -46 61 10 -96 85 -81 -32 -14 -55 65 13 69 46 -70 -97 -38 91 -89 -100 -94 72 -36 40 51 6
92 55 -91 28 67 76 65 50 -54 -76 -79 -7 -97 -54 30 32 -93 24 76 -90 -81 -79 7 4 -18 -89 -7 -89 -96 76 38 0 -30 -2 88 69 94 -76 72 -9 12 84 -26 23 20 20 77 41 90 -90
-95 55 58 -98 -71 16 -80 -50 83 -48 70 -19 -66 -94 -3 -50 -4 99 75 93 -55 25 25 -85 46 55 78 -77 36 -67 -74 -71 -90 -43 -7 -14 6 55 15 -79 -8 -90 10 94 26 -41 -60 72 35 37
-80 -39 -71 -11 -88 -15 -75 83 100 -80 -52 68 71 6 -26 42 -53 69 -34 100 -95 -74 -72 -36 -6 -9 -61 98 18 -63 19 30 -12 18 -52 82 78 58 -17 51 -34 42 -16 60 -10 -15 52 -6 37 -5
73 8 -97 65 86 4 -83 25 25 -37 -97 29 -18 48 64 -10 47 81 27 -83 -1 -49 -2 50 -66 81 -85 -11 93 79 94 92 -79 29 1 21 -16 3 -22 10 -12 37 -26 -93 -85 40 96 21 -9 -34
45 53 -8 -62 -48 89 -89 75 94 74 91 0 26 23 -54 75 78 11 -47 -80 -52 59 45 94 -36 -12 30 -68 44 -51 -94 -65 42 -46 86 -2 37 72 -33 -76 40 46 -8 27 -31 1 -24 -65 -10 -67
-70 24 74 53 97 -23 -25 0 88 90 -94 -52 18 32 39 34 77 90 68 -88 84 -8 -87 18 -100 16 42 -56 75 -36 87 25 46 58 44 32 10 29 71 -70 80 2 49 7 -51 -88 37 33 -64 -30
43 97 4 37 -26 67 -91 -86 24 -15 -55 97 62 -12 -79 33 92 98 8 19 -86 20 -64 88 -33 40 38 -12 26 23 -24 28 -70 -89 62 84 -58 79 38 -41 54 -45 -6 2 53 -37 87 32 84 -76
28 93 -9 34 -65 -36 40 27 38 -48 -79 -98 62 64 -44 85 -93 0 -68 23 -85 -25 -40 -90 -91 -53 85 -44 82 -25 23 -17 -15 -45 89 -51 20 21 -11 -90 44 -34 5 46 -40 -16 25 69 -35 -21
66 91 47 -73 36 82 -80 63 3 -3 -61 28 47 6 26 -29 -37 98 99 -11 83 58 -31 84 58 10 -82 24 -85 -45 99 -42 26 71 -12 73 9 49 83 65 23 -18 52 -91 14 -29 -82 -55 38 -73
-80 32 38 0 79 -21 -55 -15 -100 87 57 93 43 -10 54 -55 22 -75 38 -88 -49 32 -38 93 51 41 56 47 0 40 -21 -30 45 65 88 42 58 -40 7 -2 33 81 26 97 -77 -98 -87 -49 -34 -60
74 54 47 -50 98 -13 -2 52 -69 -50 99 -28 60 -65 58 5 14 89 -40 -44 -40 -67 86 94 43 12 -55 -61 -56 -81 -58 81 -14 -86 -53 59 97 18 24 85 24 78 -58 -80 39 -43 -57 -94 -75 72
-86 -12 29 -57 89 -17 68 29 30 -23 -34 36 69 89 88 7 91 99 8 24 35 -31 -1 -74 12 -32 32 56 -49 -13 -9 -68 -49 -94 70 -95 18 5 90 -77 -95 -52 53 -80 84 -98 78 -19 -81 69
15 41 -46 1 -16 -36 91 -72 38 -45 -45 -56 77 53 38 40 72 -97 -58 30 -6 -93 -61 -72 -53 53 6 -39 -80 -65 13 43 23 46 -51 -13 22 -38 1 -24 28 45 -22 -15 40 -92 -73 89 40 57
100 35 -20 -69 66 -73 96 -50 1 17 -81 67 -38 41 42 84 82 29 37 21 -55 -24 -69 -7 7 43 -82 -31 -25 63 82 69 -22 63 56 -22 -10 69 98 98 -19 -46 40 -43 94 -68 11 -51 -52 4
79 -49 -33 -72 29 5 51 76 -27 14 -21 53 85 -66 49 -54 -99 -85 12 -39 21 -28 100 -7 -81 15 -92 63 -28 66 -3 66 23 13 95 79 -56 12 -20 30 82 -45 -10 58 -36 -61 -97 77 -46 -44
80 54 49 -99 -47 89 62 86 90 -19 -11 -99 -73 -30 -92 75 63 -66 -17 38 88 -34 19 47 71 -18 21 -86 70 44 79 -53 48 -89 57 -86 59 23 49 -3 -73 45 -80 35 -60 45 74 -46 -17 33
70 4 -61 77 24 19 48 78 84 65 -3 43 -79 73 11 18 -4 85 42 -100 27 -30 86 8 -49 -42 -18 -67 50 -85 79 22 -80 -10 80 49 9 -87 -60 53 -43 36 18 -10 -36 60 59 26 46 94
62 -79 37 87 -96 30 -36 -28 -85 -9 32 -90 -3 46 33 -83 -62 48 -29 -32 62 38 56 94 71 -18 37 -9 57 -7 6 -41 52 63 54 79 64 93 -60 -36 81 -41 75 -33 51 -29 43 -40 -97 98
-58 -54 63 -53 68 31 -61 -67 -36 -72 94 89 14 45 57 64 45 -50 47 -72 -36 14 44 11 12 -10 -48 -97 -45 58 -36 14 82 91 1 -19 -20 -2 3 81 -11 -54 -19 67 -92 56 -4 81 -7 49
39 36 -8 22 19 -80 27 -96 23 -93 -26 -29 -93 -61 84 26 0 -27 51 -49 26 -79 93 31 -68 -59 -7 85 35 48 76 80 -54 82 -49 -46 -82 4 93 14 -59 -34 -71 68 46 73 -34 -76 -82 64
27 -28 -45 -61 79 -48 16 -17 57 -15 1 99 29 -88 -48 37 90 63 45 -87 -40 61 5 80 75 92 57 63 74 18 -30 -32 81 87 19 -92 -72 10 -24 5 -68 12 15 19 15 52 -59 71 -77 -36
-58 -49 -46 -83 34 -26 0 -18 -8 -19 -36 53 -29 93 74 4 -33 -52 -94 0 60 -14 -51 -4 -95 -66 -86 -20 64 -30 -52 -69 -9 -5 58 -17 69 -38 -79 -99 -10 -64 82 8 23 -4 -72 10 2 84
-26 -89 -98 2 -76 -78 -55 80 59 -95 57 -71 30 -86 53 10 0 70 23 -9 -18 -81 -65 50 -95 23 20 17 44 70 -73 -52 -95 65 -25 29 81 -96 -55 -88 51 -71 40 79 78 98 78 100 46 -57
45 62 -75 -1 -67 34 -58 -38 -71 45 73 41 -77 29 70 41 -48 -87 47 89 -74 20 -64 -31 -29 89 94 -53 -60 -9 2 26 92 85 -86 68 -81 73 24 13 14 80 14 -8 50 54 87 -7 6 -29
96 -16 34 -60 -49 -4 -13 7 86 0 -52 73 79 -65 48 46 -64 -82 -73 44 65 96 44 24 -32 -12 -100 38 -83 2 -49 -59 8 55 90 78 10 72 1 -31 -67 -82 55 -2 72 11 2 74 -77 92
-59 -81 40 55 -35 -28 -69 86 -26 -67 84 80 -49 64 -79 11 -5 6 -2 78 -13 53 52 -75 97 47 -60 -28 77 -24 82 -44 18 94 -97 -38 -30 -18 3 -8 93 32 -52 95 -84 -45 38 27 -70 -12
-49 84 83 -83 25 75 -56 -80 69 -49 7 64 76 46 -78 11 -83 22 -17 -89 -87 79 -7 -65 -41 85 -29 81 -77 28 -61 18 56 93 -58 70 -36 5 -75 52 -14 -55 -64 58 22 -53 71 61 -69 -49
-21 0 -9 -82 93 -43 -38 -43 9 -64 -79 10 -10 -77 19 49 100 -50 72 -24 22 -61 -93 73 29 21 -82 53 54 -72 -1 12 48 24 41 -59 11 -3 -40 65 -40 45 -3 -97 66 48 -68 74 -57 -45
-11 -27 17 -1 -5 69 25 -91 31 37 37 85 55 40 0 -94 -55 22 12 31 -90 96 30 -43 -73 24 -24 -38 -66 -10 -62 48 -40 -25 97 23 56 100 100 -55 13 26 -72 -36 -47 -55 -77 -53 45 96
31 -37 -100 37 24 60 34 -17 -49 -42 8 51 73 23 -25 -65 -79 -46 -32 -19 5 -35 12 60 57 37 -27 -90 -81 -33 53 -89 -22 -40 19 68 69 -41 58 -71 25 63 -1 90 -40 -42 64 -62 99 85
36 12 -42 98 94 49 -93 -67 55 39 -77 50 26 63 1 -78 29 -53 -61 39 -63 -99 60 -22 -41 72 19 -91 -97 -83 -75 -84 -54 -20 -33 -52 -60 -77 10 77 -31 37 16 77 93 -83 26 71 4 -65
41 -38 41 1 11 -4 -70 54 10 -67 -71 -14 18 -71 64 -91 -81 23 -6 -98 -65 -3 79 -36 41 -1 100 89 -49 89 -89 -56 -82 -2 -12 39 49 -78 -49 -20 -37 -68 10 2 -5 65 15 41 -76 -80
-78 66 -59 24 82 24 -97 7 -6 -13 21 30 34 -12 36 70 -65 -14 -72 -85 64 39 -77 -95 -46 -90 28 -89 31 60 -46 26 -61 -12 62 -30 94 -23 6 -14 -19 -80 -27 -93 -3 36 -23 79 18 94
-48 83 -17 92 97 -42 -84 -98 76 24 17 9 47 14 -60 -54 -92 -10 -25 -53 21 -24 97 47 -82 57 -41 -31 61 -10 -69 -29 -4 66 -5 -64 -17 82 -37 15 60 -11 -100 83 -48 -98 -37 -7 14 -52
-10 -79 73 -12 23 -72 94 94 -3 86 -91 13 -20 10 -5 67 39 21 57 -23 73 29 81 -89 22 -80 -68 -41 71 47 93 21 -93 50 -46 -22 -60 -35 51 -40 -85 53 83 64 93 -49 -13 -39 98 6
75 66 10 51 3 -41 -70 35 12 -19 27 -42 -83 44 60 92 -49 -57 -17 -66 99 -77 56 45 -63 58 4 64 -36 -96 -56 91 -84 1 -68 3 -73 30 -90 -56 -48 65 55 -1 99 -41 56 -42 63 64
30 -71 -3 -82 -43 2 4 -71 -4 58 -76 -36 -8 -95 -28 51 -84 4 -58 0 -49 -55 -59 30 61 -100 25 57 -16 4 -38 -54 -98 -2 48 -48 30 -92 -93 -42 -51 -58 -53 -42 27 -68 38 78 32 -2
50 45
-44 -5 -37 -62 -13 1 77 -72 41 1 -31 -17 7 4 15 79 -38 59 19 51 9 -51 -21 -43 -53 65 73 -2 62 7 -18 97 -35 54 46 67 41 60 -83 80 70 -11 -22 94 8 -96 57 29 66 -30
-77 5 75 -4 73 84 85 -1 -72 -78 72 17 -80 -60 -5 75 99 23 -31 46 19 -23 -53 -18 87 -50 81 59 69 65 -72 -92 89 6 41 22 -26 -22 21 56 93 -84 60 32 67 -82 -48 -63 -39 -91
-26 11 -88 72 73 61 96 -12 18 58 36 -47 -30 -48 98 -96 -58 21 -13 25 41 67 -51 65 70 100 -1 -29 33 86 -53 -28 14 3 -49 -79 -70 -91 -15 22 28 77 48 17 -20 55 -6 37 56 -95
-86 -12 96 -59 34 -69 -62 69 -92 62 51 -54 -76 -9 -80 -92 -99 -61 26 -9 81 -14 -22 56 -23 63 -65 1 -5 17 -91 92 72 -58 -79 23 -39 -40 -77 -24 80 30 48 -55 -46 88 29 -92 -29 67
26 18 19 41 28 -73 52 3 -44 79 64 -65 -87 -95 46 -22 45 -61 -74 -27 12 -46 98 85 30 40 -40 0 15 74 45 -99 -49 -57 24 99 87 46 60 39 19 -99 63 85 3 -12 11 62 -84 2
24 -89 78 -37 4 -34 62 -53 -92 -78 35 -33 22 -83 -95 -77 -36 -8 96 -95 -9 23 13 -30 29 -36 86 96 19 60 -48 -87 -84 58 39 48 100 -46 -67 -99 -33 -11 -74 -24 -64 -56 -62 -54 32 10
54 -25 -2 -46 92 11 -49 -71 -63 -46 42 47 12 40 52 89 2 73 24 27 -43 -2 0 -26 33 -24 21 4 -53 -75 10 30 -89 -8 -14 -43 -2 39 94 -70 75 -56 97 66 -98 34 -11 41 -20 31
-91 -91 91 25 22 89 82 71 -89 78 -5 59 -80 -31 0 88 3 -74 31 20 -90 19 28 -89 -18 -41 -57 2 -62 -52 -71 83 -50 59 -9 -99 20 37 -89 51 -55 -42 77 14 -24 37 90 27 -28 44
-92 5 -92 43 -60 35 -26 7 88 62 -32 36 -42 -55 60 -20 86 -30 -42 -23 -99 -90 -38 87 -27 52 53 -66 -53 -63 20 -55 -4 -39 -95 -95 -14 -64 -70 -95 34 -36 94 75 40 -80 -97 13 -67 -33
68 76 -71 -48 -42 -73 -58 58 100 -33 53 54 43 46 -49 -67 -38 -11 -52 50 83 62 -70 76 -79 -39 -61 -33 23 56 -56 -22 -15 -31 70 4 36 -51 -82 53 -32 -15 64 15 12 -34 53 10 -27 42
93 -8 70 51 -25 92 -89 82 -45 -15 -24 -20 -7 -63 15 -60 16 56 -30 76 -76 -44 74 -96 -33 99 -25 -34 -40 75 -33 32 -41 -48 26 40 49 -79 29 -58 93 -55 38 92 71 82 -98 21 -62 -15
-93 -88 31 95 41 -46 75 42 50 -82 -45 100 -46 -82 -49 76 -64 37 -92 49 70 -71 -21 97 -58 7 25 36 58 87 -76 92 -62 -51 -6 79 -37 28 -62 30 70 33 29 68 13 -67 -97 80 -85 -93
51 -37 73 70 21 56 -68 -72 26 24 59 -66 -98 -20 44 54 -56 -46 -65 -43 33 -75 99 32 12 -41 -99 -33 -92 -41 -96 86 50 -13 2 -17 -29 68 80 17 62 71 25 -96 -39 -27 -56 98 -21 -14
83 44 -68 28 98 -54 -31 -97 -78 93 -71 -72 -36 -74 41 -99 3 26 41 19 63 31 -41 28 89 -44 74 23 -77 58 -28 -79 -10 -15 -79 -100 94 76 95 2 -77 -87 20 -24 37 15 -50 29 43 15
-39 44 -42 -22 26 -30 67 -2 4 33 -22 77 -51 8 30 88 -68 -90 91 -69 -94 38 89 97 -58 68 99 -56 -97 22 -29 -43 -22 30 90 66 99 82 33 22 4 36 -32 -55 99 68 -65 98 82 19
88 -25 -22 81 -94 -45 -89 -32 -87 -100 1 54 92 -97 -58 -2 -92 82 18 -75 -46 82 -97 -1 -97 -25 -85 47 94 -98 12 87 -76 38 -81 -7 -75 -87 -11 -79 -32 -17 63 56 88 -46 26 49 6 78
-9 51 -92 44 82 20 20 -82 69 33 -96 63 -22 -10 -12 18 95 -36 -57 8 39 -37 -90 18 -53 -95 4 -44 -3 35 -90 99 71 79 -80 -22 -98 -44 -38 -61 -91 48 60 17 -41 -31 43 34 -58 -80
-54 95 29 58 -95 -59 -82 84 23 -71 14 40 -75 80 83 57 -42 -6 -85 -8 -10 10 -56 72 -65 66 14 51 -17 -77 -39 28 54 3 -86 -6 54 -62 43 -39 20 88 55 -27 72 -34 -11 93 39 -42
-86 26 6 -47 99 88 -21 -91 -49 10 86 -29 60 8 -33 21 -63 62 23 1 81 -65 -52 49 1 58 88 16 -28 94 -20 -77 -4 -3 -99 -79 89 1 91 73 -31 -85 -30 -48 3 14 57 46 -94 -79
93 42 -29 97 -22 -22 -88 -75 56 100 -53 -60 -43 12 72 -52 -10 39 -5 -59 -30 34 33 87 -42 45 -38 19 51 98 -20 92 39 -14 69 -88 -55 -100 -50 95 1 51 49 -62 64 -49 -21 13 36 15
-97 -36 -15 60 53 -83 2 81 -21 -61 49 93 77 -17 -75 -51 98 94 9 93 -5 58 -72 74 31 52 29 -8 -68 -70 -33 96 14 -88 27 -92 -58 32 -30 -89 51 59 9 -35 -25 -65 -92 -23 -35 -37
87 55 -9 80 -98 -66 65 -54 96 22 -63 -73 -97 -4 21 -47 -72 -22 18 53 -15 -26 -19 -58 69 -35 20 -29 98 -75 -37 35 -55 -98 -43 76 84 -54 95 -2 -40 -58 86 -85 -85 72 3 30 -56 -70
-21 -86 -10 -61 9 68 26 -45 -51 47 40 100 88 13 11 -69 97 64 85 94 -58 93 -24 20 34 -54 -42 4 90 -21 -66 -65 63 92 48 35 60 -44 97 41 -21 -34 -95 -6 53 -71 79 96 59 -25
-98 4 98 -9 -32 -6 -27 -72 78 53 -38 22 13 -8 -35 -37 40 90 45 -30 -61 -11 54 -3 -10 29 22 -77 -69 -62 40 -67 95 -3 35 -26 -68 -33 -77 4 38 -60 32 -67 -2 -95 -2 -35 43 37
8 2 -45 -70 -82 -47 -53 60 11 82 88 87 47 13 10 -93 -57 25 -66 -28 15 -96 32 65 31 56 -91 -2 -47 29 92 55 49 64 -20 95 -96 58 34 9 -1 36 -81 88 69 44 -36 51 90 -63
48 -54 -35 -58 -35 -14 -98 73 -53 -5 99 54 -26 -26 -89 66 3 62 97 28 62 56 64 34 -94 -29 98 93 80 -29 -28 21 26 -8 -9 -15 0 -10 -47 -30 -38 -34 -8 79 15 69 89 21 -15 -95
-22 56 -92 72 59 82 -59 -13 -75 35 81 71 58 -49 57 49 -34 34 -84 -38 -6 100 41 -56 19 -92 -8 51 -100 10 -14 81 -34 40 -4 94 -72 -51 89 100 -48 -46 -47 86 24 14 -75 32 9 -65
-32 46 65 3 -17 -58 -14 -30 77 74 -80 -45 -3 18 56 5 52 39 89 49 -43 30 -56 -28 -21 -86 -85 -86 -88 -83 99 35 -37 -32 1 -90 47 -95 77 -9 -99 -33 -81 41 13 38 60 -29 -28 72
-66 -73 29 25 -6 9 -93 -89 -37 -18 -88 98 -81 25 72 -21 41 63 15 -25 58 22 -40 -5 -70 -85 -15 -62 91 17 84 91 -90 67 -53 44 -34 30 7 83 -32 74 26 66 22 -39 -95 66 64 -63
-76 -25 57 38 35 20 -85 12 4 -4 -3 -76 1 -81 2 -61 -75 9 60 -96 -92 -54 35 77 46 1 -53 -26 -1 -22 -54 -72 62 -97 25 64 75 -31 63 4 -80 45 19 -86 61 -73 26 -39 -25 -66
42 -97 -96 3 -26 -83 8 -56 -74 -84 -48 29 -12 83 -15 -41 -73 -52 95 26 -59 -44 66 -88 79 -16 -49 13 -61 68 -21 35 -52 55 -1 86 -1 12 -72 -16 -9 -54 -4 7 11 11 87 21 10 -13
51 14 40 -88 -64 3 72 6 24 37 15 60 87 -1 32 -95 -26 62 73 -57 33 36 20 -93 56 -41 -44 -36 -73 63 52 73 -25 -56 71 -86 25 11 -61 -49 7 -73 -30 7 66 -39 43 63 -84 -98
-88 89 8 -69 13 -41 -31 79 -33 28 -50 36 50 -30 58 -57 -21 78 36 27 8 -28 -42 49 0 -67 25 8 48 13 -85 17 40 -20 67 -51 97 67 -76 100 -92 44 80 -90 97 10 66 97 -77 -27
52 80 0 -53 -49 -69 -93 -5 37 78 -87 -34 -15 31 -71 -94 84 95 54 -17 59 -82 -53 -54 -66 -58 -21 55 73 -74 -10 -25 97 -32 -22 17 78 68 -55 11 6 20 17 -65 22 -59 -96 13 -80 -14
48 -94 -44 0 -19 -1 47 24 19 -70 -5 -3 7 -71 -54 -100 -54 79 -58 -68 3 87 14 -5 -23 64 -85 95 -4 26 -99 -77 -9 -93 -52 45 65 94 55 90 88 66 -43 -59 -92 -23 -58 -98 -67 61
18 63 68 -55 77 17 84 -99 -39 0 70 62 -4 44 -88 95 -78 21 3 94 -46 91 -27 -34 78 -44 -43 55 44 60 -14 99 -67 -45 -96 -48 87 26 -49 82 -10 -23 45 11 -38 45 -91 -38 23 83
7 57 45 67 89 92 91 97 -11 0 -34 32 12 45 54 -45 -67 70 90 -91 72 -26 -3 -27 -100 79 13 -16 27 -62 -46 42 -96 -49 -16 -3 14 -59 -58 59 50 -82 11 34 -57 -5 -77 -6 -28 -87
26 -69 8 13 -63 41 -41 50 27 -38 51 37 10 -7 -27 -58 53 46 -96 -69 -23 68 54 -11 -2 -14 -15 -82 -81 -53 -64 20 -51 1 -100 13 -48 77 12 16 64 -89 -94 82 7 37 -53 79 56 -26
29 -3 63 38 -53 55 88 80 -90 -73 38 30 -24 73 -40 98 -99 -87 85 -95 -58 -25 75 -40 65 -86 32 45 -63 2 47 -5 -95 -68 79 -96 -38 2 -77 78 15 21 -86 42 -39 -67 -80 -76 -64 66
-43 19 -58 100 -8 -67 59 -93 -50 55 -87 48 -19 -26 28 -36 50 83 -90 -39 -89 12 15 -18 -88 -33 93 23 77 -38 51 -31 30 42 -86 -9 72 -63 -98 35 -21 20 100 -74 70 8 85 17 -1 44
-21 98 -54 -81 -77 25 -11 8 98 -47 -6 2 95 -67 90 94 -41 73 -46 93 -84 16 7 54 62 43 -50 -49 -46 -89 -65 31 -9 -96 17 30 74 31 -89 63 -45 -59 6 45 -9 5 -72 -90 89 8
-87 -57 -84 44 18 -63 -99 42 -22 30 20 68 100 15 91 -99 47 -47 -79 -83 4 -4 -13 23 -88 -86 80 -42 54 -5 -94 67 -84 73 -1 -74 -25 -80 18 1 -21 -51 77 -71 -4 -15 -37 17 11 -10
-53 -35 -81 -82 -71 96 -5 68 -62 -5 -7 -29 -43 -87 97 47 -20 -44 -5 39 80 -67 54 75 -94 -39 47 54 -90 75 49 -28 -3 53 -25 -72 92 -51 -25 23 -30 -80 -28 56 13 -50 -63 -17 -30 36
-1 -77 -9 -15 -4 -78 -65 59 47 3 -8 99 47 35 47 -38 33 74 -66 -39 39 -64 88 -64 -16 -35 91 -79 39 6 -51 56 14 34 -33 -92 72 84 87 45 -61 -49 49 42 53 68 97 9 -41 -39
-41 -70 -90 36 70 81 4 -68 -18 -75 46 93 83 22 -26 27 -43 49 -67 88 -55 -67 69 57 40 -86 20 -50 -87 58 61 -29 88 -8 84 -98 -1 73 97 53 74 -31 -98 -57 -94 -3 81 58 -28 73
-56 -44 -33 -11 36 79 -30 -98 -60 63 59 -64 69 -12 -74 -57 -3 -56 66 -78 29 94 -59 81 -80 48 -30 13 67 -65 -47 13 -9 27 68 -22 82 77 31 -94 -44 -10 1 93 8 51 96 -29 93 91
-23 14 -88 -84 -51 -81 -93 -45 2 41 -83 -87 86 -100 26 12 -74 -65 -42 99 -82 100 55 40 16 -29 65 -78 -95 55 -33 -74 -15 -36 96 -8 -39 -94 99 97 -49 68 -87 -49 -20 51 27 67 56 45
-86 16 -95 81 50 -5 86 -77 -100 1 -24 -9 -97 29 -75 15 -70 -100 -48 -95 29 -89 91 -39 18 -34 43 -29 34 17 97 21 -75 -74 -54 10 4 -38 -32 16 8 36 -48 -52 47 8 -31 85 67 -6
-81 -82 -39 -37 60 -58 83 -7 -27 23 49 -60 -75 -26 -19 -50 20 -100 -76 84 50 -61 54 10 -15 -75 -51 -43 9 86 -77 -32 83 94 42 80 37 95 67 43 -81 -98 18 33 97 76 68 99 85 95
-60 41 90 7 36 1 22 64 85 29 65 -85 85 -47 -84 -20 -61 40 -29 -67 -60 41 18 -91 -32 -100 -42 -25 85 71 -100 -3 -79 -4 8 -29 -48 -84 83 -67 64 47 98 88 -78 78 -35 -19 27 5
50 47
61 7 42 77 19 -98 66 -39 43 36 55 92 -10 83 8 79 -46 15 72 68 54 -43 -29 -96 33 28 -56 -34 -6 -85 69 51 63 85 -57 41 -86 67 -13 85 -58 -89 -62 -27 -47 67 23 -35 34 -96
-25 23 38 73 -64 -82 -33 -2 -21 16 34 -80 -54 15 -23 -46 -65 -13 50 1 -89 84 -41 -87 -15 76 -21 -22 29 -8 75 -18 -23 -52 -24 4 -76 14 51 -4 17 -98 4 29 25 -96 -42 -23 72 -7
60 -17 32 -5 65 -34 45 -55 26 85 -60 -47 50 -10 43 -9 20 92 -51 74 6 39 58 -91 15 -45 5 -98 6 -5 28 -69 -76 88 -47 -89 -41 22 6 71 -59 -58 -95 70 95 -100 15 -57 33 -73
32 13 74 95 68 -78 -13 -98 27 -68 -72 45 -70 7 100 7 -50 79 69 -94 -41 28 43 -29 34 51 -6 53 10 -97 47 66 24 -11 75 56 81 -76 -64 21 -53 -67 9 -48 38 -18 89 43 -43 -96
53 -54 -8 -71 72 25 2 44 12 -12 12 -52 31 -64 -70 -93 9 90 63 62 -51 -53 81 74 -72 23 43 -28 48 41 -84 46 8 -2 -18 7 -97 87 -23 23 88 20 -13 20 100 -76 22 56 -8 -58
-94 54 0 -59 59 -47 36 81 -98 -30 72 -29 -78 -34 63 -60 -96 92 44 18 21 91 -86 -58 15 -32 -15 -67 -97 -76 -64 35 46 -80 -57 -88 -3 -3 83 -37 -82 -3 -42 20 -51 -52 9 98 7 -54
-18 -67 44 -64 52 -85 -9 -66 94 -5 -22 -56 7 19 -71 77 23 -27 57 30 -22 -30 0 -50 -96 16 41 -91 84 -52 -79 21 68 -92 -89 -53 -17 99 -64 -70 95 -12 3 54 14 -27 -52 -61 52 38
-25 86 31 56 -99 -77 2 23 66 -71 85 22 -51 2 22 -89 -57 -65 68 34 16 -19 -41 47 38 83 37 33 -58 -99 -94 36 73 17 -98 71 20 -29 85 13 48 -16 86 55 57 34 20 23 17 -30
14 -50 17 15 -6 -26 70 75 91 90 84 96 -88 85 -4 55 78 -2 -51 59 -85 -72 35 88 23 36 -81 -43 52 -83 -52 10 41 9 4 64 -47 38 -86 -74 -41 -91 29 -92 73 -92 70 59 -30 -73
67 66 -70 60 17 40 -9 56 -51 -21 90 -70 86 -57 -49 -34 -73 -40 15 18 72 28 -50 -6 -92 36 25 -68 -76 -80 98 28 -79 -92 -89 -22 -9 -9 -99 -97 -19 -13 -3 32 -50 80 -97 96 30 -85
14 2 -99 99 93 16 49 44 84 56 -63 24 -33 -76 96 20 -25 88 75 -49 11 65 -46 -91 6 -38 -90 -16 27 51 0 -31 -50 -59 2 79 18 57 -63 84 70 77 21 79 -88 -74 31 46 -7 -8
-95 -98 -86 35 90 71 67 -73 -50 -87 34 -41 -99 -22 -40 -31 30 -34 99 -47 36 73 -85 -61 -63 22 -37 88 80 85 61 19 -61 14 79 86 100 -8 16 -42 -69 -62 -82 -100 69 -98 -60 -6 -47 13
44 75 93 -46 48 28 64 -50 -91 76 -18 -60 55 12 32 73 92 -80 -59 -98 -34 -54 96 10 20 -43 -78 -54 6 88 81 -1 -4 84 62 -95 21 21 50 -95 -88 11 -26 -80 -30 -85 -7 24 50 29
56 -40 -14 7 -86 23 9 -1 -36 59 -76 -3 28 -75 0 4 45 97 -47 82 -23 -50 -91 -51 3 -60 19 -47 64 6 29 -26 -60 -55 -23 -89 -31 -40 -15 -74 -34 14 -13 -8 -18 -16 -98 17 39 12
-22 93 66 -50 -33 82 20 -35 94 -60 -81 -91 31 -20 -63 -88 -79 62 -59 3 -78 95 -72 -2 65 32 -42 2 55 -26 48 -2 39 -10 4 47 -24 -54 26 -15 90 -32 88 -98 -4 89 -67 78 16 -21
49 45 -88 99 -15 -12 -99 98 -4 76 51 100 -24 -23 75 39 -78 10 81 -42 53 70 96 -39 47 -96 82 -65 -48 5 51 -38 -100 36 85 16 -44 -95 57 -64 80 53 95 -6 -26 -55 -48 -8 -19 52
-24 -38 -5 -27 -33 7 -29 -4 -37 82 22 -98 -51 61 -23 -84 53 -19 -57 -67 -14 48 74 -51 100 30 -32 -68 36 -10 29 30 -94 15 50 -39 -39 -75 18 -69 -34 -68 -2 -63 -6 21 -92 26 52 65
-64 -9 79 -87 95 68 88 -70 4 -63 -87 -20 -56 -8 34 -64 -22 34 -59 -43 -80 -84 -80 59 -18 -69 56 -75 -54 -54 98 91 -19 -43 66 40 -81 -33 27 40 52 61 79 98 -28 58 22 -24 -18 -21
-42 -4 -84 45 40 54 -34 -86 15 41 -97 95 -96 69 -48 -62 -41 -78 -62 0 11 -87 56 -99 79 25 19 -9 18 -36 83 69 -95 -84 78 -8 95 86 65 64 -40 71 -40 94 -12 -5 -73 5 9 -14
-59 -25 -23 47 -68 -46 22 -26 -39 -86 33 -84 41 -93 58 37 -75 26 89 -97 28 -31 44 84 -24 83 80 12 40 10 83 70 -64 50 31 -14 -64 -99 22 18 49 2 86 -9 -20 19 19 -30 95 -90
55 65 -60 99 -77 -98 62 -58 26 72 47 62 79 -61 7 -69 -63 23 32 85 -90 -81 86 -72 -32 75 1 13 76 33 -52 -53 -86 24 -60 -9 35 -88 47 -59 -78 -1 15 100 79 97 54 81 29 60
18 -29 34 46 51 -18 -80 -9 51 -77 -51 -68 -31 76 45 37 51 -76 41 72 84 -59 -81 61 0 -10 27 -27 65 44 7 -16 -96 -39 -3 6 42 -88 -81 71 -8 -63 56 6 7 69 -27 38 -67 6
32 72 -96 80 -86 21 -59 89 50 74 39 -38 79 4 20 10 -67 -44 99 92 84 -10 25 -77 40 -58 -23 -60 -76 -95 67 -46 -30 83 -49 -41 54 70 49 61 -4 -47 -66 -36 -49 -53 83 76 -76 -68
99 26 -25 44 -97 -38 -22 48 -59 93 99 -59 -42 -77 41 5 -92 -76 -47 8 60 67 27 -82 -97 -66 76 -99 -4 88 47 -41 -98 63 -14 -49 -57 80 -53 67 32 -99 -23 -6 -33 -9 20 -69 40 8
-86 -1 -87 44 -42 -25 62 -56 -79 7 24 4 -71 -60 68 -100 57 -42 64 19 65 78 78 32 90 37 18 -91 76 -7 -69 -98 3 -24 -7 -44 100 69 -40 21 34 -46 -26 91 -47 -99 -20 -41 91 11
63 -53 -76 -94 38 80 -19 -96 -5 -7 52 75 24 -75 73 -29 82 -41 -90 3 -13 66 -44 80 -79 87 -1 -77 90 -3 -57 -60 3 -64 87 53 71 62 -32 24 68 -99 33 -70 -92 2 91 -13 80 19
-35 92 10 -35 -82 -55 60 -81 -81 -28 2 96 63 96 -29 -20 35 16 -90 83 -26 -32 1 51 84 -96 -50 -49 40 -43 12 41 68 8 -36 84 -3 13 24 -19 -68 -27 59 -98 55 66 2 -82 86 -47
31 58 -38 72 -2 -68 52 -46 56 -35 0 48 -34 75 98 78 -90 92 -33 16 -26 -2 64 -85 -79 34 65 -53 -64 86 -40 -46 -8 -50 -36 -71 43 76 5 -61 -46 -22 -81 8 -99 -85 -62 90 -64 72
81 54 58 -58 -64 -98 -88 -75 -63 70 -89 34 -100 -20 -92 -38 2 -34 31 -8 -83 -35 68 33 82 9 -51 41 92 9 32 49 -42 -14 -86 -6 -33 30 47 -40 34 31 46 94 -68 85 88 34 -35 -47
-40 85 -1 80 -29 -14 -1 37 90 51 -97 -5 -75 49 49 61 -5 -3 93 75 31 -80 60 -66 -83 34 -76 -65 -24 92 -66 -73 -30 -54 -25 54 -36 37 -76 -26 -63 -43 -70 -28 83 -88 -96 41 -71 -30
-36 93 -55 -27 0 -27 95 20 70 -33 40 73 33 -26 -38 -77 -10 5 -59 78 71 99 -19 56 33 34 66 86 34 45 11 -88 7 -71 41 -44 33 68 -42 -36 -7 -30 -94 -60 30 36 52 -61 40 -1
90 -59 -56 -49 89 -98 39 -74 -74 67 20 -90 -16 -4 -46 -76 -56 -30 -62 -93 -70 71 25 -56 -81 -15 6 60 -4 43 23 54 -29 35 -89 -75 92 57 41 58 68 31 17 0 -62 17 76 80 86 52
54 -26 -73 -7 22 -5 -68 73 -59 -7 8 72 94 0 -92 -9 99 -21 -88 88 11 -36 -29 -74 -69 38 -73 72 -51 -67 -18 14 -85 -2 -45 -15 97 -8 1 96 -40 -9 -78 37 -25 54 52 -89 76 -80
-93 -74 79 -67 0 -7 -83 -49 -55 -70 -79 -91 -82 -97 -14 46 -46 -88 19 -14 -80 -33 -58 -72 -51 74 -62 71 17 33 -22 64 -60 94 -45 24 -32 -16 68 -90 27 -5 -73 98 13 -8 60 87 -24 38
-52 -39 -17 -35 19 -33 42 62 47 -71 -88 -39 17 -35 87 74 -61 -9 72 63 16 -12 -70 -48 -37 -65 -14 -16 1 2 -83 90 -21 36 26 -53 -50 85 98 63 -36 11 -92 -18 52 -5 55 -39 -20 20
96 35 -22 40 -24 -63 -100 -4 -55 -17 38 -74 79 -52 9 -20 10 1 63 85 42 19 -23 86 19 15 1 35 69 -22 86 -67 20 -84 88 -52 70 -63 77 1 -23 88 -82 2 -10 60 -83 -78 -44 -38
-50 -95 -28 33 -95 84 -51 -46 78 -62 -82 23 -99 -22 93 -7 28 81 29 -85 -76 85 85 32 -66 10 54 -80 12 93 -41 -23 80 -96 40 19 -25 88 45 25 97 -100 -70 42 94 14 -20 -40 -40 50
16 -69 35 16 -93 -8 -42 38 62 31 -87 55 -25 34 34 -46 25 -15 96 17 -67 62 20 23 23 62 -19 -76 70 -35 40 61 100 12 -41 80 14 -55 62 95 28 72 -19 -49 -35 49 83 25 -12 -48
83 -51 8 42 -72 -47 -67 87 58 52 80 -62 -72 82 -66 -83 -28 29 -60 65 39 -93 31 -77 3 -83 -71 50 19 -67 -40 -83 -74 24 -41 50 27 -49 -99 79 -75 -59 -88 -9 32 4 -23 -27 -91 -93
38 0 90 87 33 70 8 96 -52 47 -59 -41 -48 -17 -97 -18 11 -91 -31 41 -44 54 14 36 42 -24 -100 62 -99 -41 -1 3 -76 48 6 -20 70 -26 15 29 34 -34 75 -94 100 1 0 -2 -19 -70
98 49 -94 78 -61 -100 17 19 39 -47 -61 71 -96 -46 -37 -38 -22 -23 83 4 68 -48 79 91 -76 52 42 38 2 -24 -54 24 99 -5 -20 74 9 40 -18 22 55 72 -51 96 62 -10 -18 3 48 52
42 -94 50 -35 -40 -88 -9 70 69 -97 -54 -78 -59 65 -56 -59 40 -31 -1 87 23 -76 -13 -40 -47 -98 27 64 84 0 -7 42 1 13 -91 -48 78 8 42 52 31 -77 -5 47 -83 -91 -17 60 13 -56
65 58 -40 -57 -30 61 -90 -41 27 -34 -98 48 13 86 84 76 -3 -35 51 43 -93 48 -49 58 7 71 98 -20 71 -25 -40 70 7 6 55 -21 39 96 2 -98 -100 91 -93 65 53 96 79 99 -82 34
13 57 -1 51 -30 -43 49 75 -65 -74 -91 99 -2 -20 -25 -37 53 -51 85 89 67 -95 76 -51 -58 1 98 51 -51 -47 -52 46 -90 -24 -13 96 -64 -98 53 9 60 -41 -81 69 32 75 -15 71 -65 -79
72 -23 51 0 83 -3 -16 -16 26 -95 -51 -72 96 63 -63 -15 -24 -50 51 -63 -11 93 -92 -14 -9 -13 13 -16 77 84 -4 -49 -13 -68 50 -66 -57 7 -21 19 -92 49 -36 -94 67 34 -21 -45 26 87
-82 30 -19 25 -35 57 -30 95 -1 -46 -75 -71 35 -90 4 99 -84 58 73 63 3 -67 9 -58 44 -80 50 100 -63 -17 -61 -72 11 36 -45 -8 -74 85 -19 -94 -36 -60 -12 -7 -78 -57 94 -40 -39 44
-72 45 -49 -95 -44 -19 -64 -62 -45 -4 -24 -3 -98 -82 -96 19 -77 -4 -23 26 87 70 26 62 68 -100 70 44 95 -4 -67 -97 -45 35 -68 -20 -84 16 44 11 -99 55 56 -27 51 67 -24 -45 46 89
49 64 -26 46 -73 -25 45 72 -34 5 96 0 -1 34 72 8 42 -33 72 -100 -51 -40 -17 31 -93 25 -80 94 6 -1 -83 -89 60 -30 60 -70 8 -85 -86 -93 -89 84 -26 17 -30 -84 71 55 28 68
8 -37 -95 97 28 44 -64 -58 71 35 -93 -13 -49 13 14 -86 68 -54 30 -54 72 25 92 98 0 75 -83 3 10 -40 -10 0 -9 6 -57 55 -67 90 -68 -7 -49 47 34 -95 46 -87 -77 -13 -95 41
32 22 47 55 -67 -17 -36 3 -67 -72 0 -5 -7 -30 -74 80 95 -79 25 100 91 45 17 98 -42 -44 -15 13 -67 -96 -28 -91 -58 -77 48 49 -64 17 29 76 -4 -45 38 -60 -92 99 28 68 -75 44
50 48
52 35 -81 93 50 -49 8 -3 -72 -75 -92 1 39 -88 -83 49 -63 81 -11 -46 33 98 84 -3 96 83 31 -41 -11 75 -11 85 -85 -1 28 87 82 -86 -53 21 -91 -19 -36 -7 67 73 73 99 -31 -95
-73 -71 23 -43 -93 -35 -53 65 -7 87 -34 -32 23 -66 65 50 -88 -66 -43 21 52 -76 -98 46 77 -64 98 -79 6 6 94 -28 68 -72 -1 21 64 -98 -73 67 -1 52 39 -12 49 -52 49 -6 -32 -82
21 -84 63 -93 -86 -29 67 -30 57 93 -92 -2 -19 11 -21 92 -38 -18 91 13 -63 73 -60 -72 84 -20 85 -22 -58 -36 70 -31 -85 33 11 -25 -81 8 -49 23 3 98 -70 25 -69 43 61 -73 73 -49
62 -37 38 -78 93 22 -24 -41 37 67 91 -28 -66 89 -64 59 69 60 -1 88 38 87 20 -23 35 50 -3 44 -3 47 38 37 -21 15 43 2 -61 23 -99 69 -80 40 83 38 -95 -27 -28 -96 98 -13
-92 7 96 -42 32 -80 83 -7 94 -94 -90 -85 -42 83 -59 82 -54 70 42 71 66 -93 -13 -60 -2 54 60 58 21 -53 88 42 -7 26 -60 -38 14 30 -40 99 -3 -11 -35 -83 -3 -54 -5 -19 -25 56
-43 -63 24 -40 32 39 98 -8 55 -50 41 -82 12 -90 37 -68 43 20 11 88 -53 -24 -24 -50 -55 5 87 -94 -60 -87 -31 -5 28 -44 -7 92 -19 -70 71 -12 62 -62 82 -78 93 -10 -16 -8 -99 85
13 80 55 35 86 -53 -71 65 98 31 -93 71 41 -63 77 -83 -94 43 13 -56 86 20 72 -57 53 -37 -35 -18 -50 -51 -88 21 -87 -69 -34 -97 -64 -37 85 -37 -81 -80 39 46 42 -94 94 -37 -70 6
-31 59 22 -70 47 -99 30 -51 50 -40 9 -66 -3 -53 19 29 -64 -54 -51 63 55 91 -14 -11 -98 -15 -97 29 -47 -85 77 -19 60 -72 -62 23 -66 100 -13 -3 -32 -24 -5 89 38 -6 14 85 11 -66
9 77 -9 79 79 -59 34 -9 65 -44 4 -60 3 29 83 -94 20 76 12 -81 35 -22 -11 -5 -26 71 51 62 -5 -42 -39 -42 88 -80 -63 -17 -96 -29 -75 91 -88 5 -77 2 17 12 94 -23 71 -63
35 13 -58 71 -20 -86 -45 59 -11 -43 -88 50 -1 94 -100 -71 53 -64 -76 -21 37 15 7 97 26 -97 14 -54 23 2 -26 69 -74 41 -86 -86 22 -46 -25 44 11 -100 93 31 -20 25 83 46 -31 -53
-81 -84 55 -95 22 -78 -39 -60 -83 -89 -99 -63 -9 55 3 -73 -47 -86 33 76 -89 -16 -88 44 -9 -89 67 10 86 13 10 22 27 -12 80 54 75 89 19 82 15 -38 79 -75 -88 -10 77 -44 -20 66
56 71 25 70 -45 84 -2 51 86 35 23 84 79 47 -20 -59 -6 55 94 92 84 76 -29 -43 95 70 43 33 83 36 15 -3 37 97 -59 44 -79 53 -49 -68 34 -48 -42 -72 2 -2 46 -51 34 39
-25 35 -49 61 -85 99 99 82 75 90 2 63 97 -25 -54 -61 -24 34 -7 50 -89 71 -30 76 -57 63 -32 -91 -43 -50 -3 3 -100 -39 -82 -32 -94 -12 -8 -59 88 -13 3 -48 -92 -20 88 -26 -51 -72
-19 -14 -57 -67 88 -66 44 72 37 20 3 -40 -98 33 95 68 -37 -86 -68 48 -84 97 -98 53 28 98 79 22 11 -27 61 94 87 9 -26 -12 91 23 48 40 76 -22 49 -83 67 -94 91 -21 48 -63
-75 -80 -57 62 -17 69 57 -12 7 -7 -31 62 31 24 -75 -54 -47 -14 46 51 -77 23 -62 -33 16 -84 22 -66 77 -19 -55 -12 -22 -85 43 -54 -83 -39 -19 87 -16 -11 -58 -38 -9 98 15 -12 63 -93
42 18 29 11 -90 -66 -7 7 -9 52 95 -93 -92 36 -13 75 45 -1 81 30 73 -33 49 -93 96 96 -59 94 84 -30 -67 -100 -89 -36 -46 -79 -91 37 -73 -43 52 -39 -59 -33 -68 -20 2 -98 -95 59
-8 69 31 -56 -42 9 -6 45 87 51 -5 28 92 -67 73 90 96 57 46 -40 -36 25 -6 -50 -90 -15 -50 34 -45 89 95 82 3 -5 -17 -29 -4 2 -41 -96 48 -62 -44 -54 -52 -70 45 20 99 -1
82 31 -79 -55 -57 -7 85 -72 24 -81 61 -84 27 85 -31 -93 -31 -20 86 1 -84 -31 99 53 -14 91 -77 -75 80 -32 -9 29 11 29 -13 64 -71 -17 -46 45 64 -26 54 50 -70 96 20 59 -71 25
-6 -38 -59 70 -20 53 90 69 -57 -73 -74 -91 -26 37 84 49 -38 -59 81 90 94 57 -28 21 99 45 -57 -51 -50 -21 -7 -77 -32 91 -14 91 64 -36 20 86 86 9 -63 -44 -12 -32 -16 -69 49 -15
-72 88 -44 -63 61 -7 -10 -71 58 78 50 39 -61 85 64 -19 25 -5 82 -21 25 -62 -44 -66 -23 26 82 87 -32 -34 98 64 23 -92 58 -29 7 88 62 -50 -5 39 63 -25 44 8 -37 -23 78 34
-76 15 -7 -72 21 46 45 90 -93 -98 17 100 -35 57 -77 96 -71 62 47 -19 -5 -50 71 -21 65 3 -47 -87 47 -15 -36 60 90 71 -42 -45 -28 13 10 3 77 -61 29 -49 -96 40 -10 -29 20 -62
84 44 52 77 -74 55 -14 60 -74 -82 93 26 -96 89 -61 -34 -35 48 -98 -76 -88 10 -19 25 -8 92 -77 -60 74 7 -83 -79 -27 31 74 48 -21 13 8 46 63 -63 72 -72 -56 97 88 -37 -95 41
-2 51 73 -36 47 12 74 94 37 56 -80 34 47 -54 66 -67 51 -97 -81 -87 87 -81 -93 85 26 63 51 -44 48 99 -60 41 -89 97 6 -12 -8 21 32 86 41 22 -57 53 47 28 86 -86 -26 100
-22 29 -75 32 68 89 40 100 -69 -26 97 42 -58 -77 99 -34 10 81 73 69 -64 5 37 -12 38 -91 95 100 -16 47 -40 40 27 -12 -51 87 1 -85 91 51 31 -87 29 81 38 -21 -68 76 -57 -93
54 25 -52 33 -53 -11 -1 -6 17 -31 3 38 -50 -23 27 27 -33 -53 -9 -22 -61 75 52 -39 -54 59 96 -42 -86 83 -37 -13 -92 77 11 -26 65 47 -100 29 53 -66 -30 -83 94 -87 -40 11 37 -52
75 -34 -78 8 30 -26 -32 -23 -31 13 96 51 -42 -64 -28 -59 -17 -23 -51 -93 -4 33 -36 -37 86 -73 -2 -73 -21 -71 25 -49 -42 -72 -66 83 53 68 -93 -40 72 -14 60 5 -71 -34 -90 26 52 -10
6 28 51 -28 21 -34 99 13 25 67 -11 59 32 -8 16 18 -29 -92 68 23 98 -77 -16 -80 -51 98 -85 76 -44 100 63 -2 82 19 -87 -97 -32 -48 -69 -19 -92 -65 29 28 -21 42 59 -16 8 83
44 -63 -64 -88 -57 11 31 -36 32 -19 -11 23 80 -39 -82 55 -7 -58 -45 -4 58 -89 94 72 99 41 90 92 72 -7 22 56 0 -37 67 98 10 63 -20 -89 -3 37 -27 87 -18 -68 45 -65 18 59
83 97 5 -14 96 -90 -43 49 91 -84 -92 -91 -85 32 -27 -56 -15 -100 -78 80 37 -67 16 -60 3 -9 32 -50 12 29 -82 -43 -36 2 -98 75 -93 -76 72 -24 -63 5 -43 -24 -86 75 16 46 46 -91
16 -44 70 88 33 66 -91 79 30 42 -67 100 -24 -18 -59 -37 -9 9 -4 37 -90 87 87 47 -82 27 -8 55 -42 -77 -80 20 -92 -19 31 -34 -72 32 -68 -52 57 22 59 -75 -67 -90 -82 9 27 -60
-94 64 -81 -51 56 45 86 -41 31 -45 -59 52 -45 -76 -47 -27 -71 21 -52 17 -90 -3 -22 75 -76 48 -60 97 -77 -23 -85 -98 50 60 -89 -99 -17 -7 -11 -98 73 87 -69 35 -100 -49 92 -45 17 29
95 -91 76 -39 -62 -9 61 -34 40 -76 -37 0 39 95 -91 -56 87 -10 -86 21 20 93 35 -9 99 -5 85 -11 -9 -64 -65 10 -7 -85 -1 -2 21 50 -52 -5 -75 79 -4 58 66 88 -22 -64 75 -13
-7 -53 -18 -76 97 -51 -69 9 37 -3 11 -18 69 38 43 -85 -93 98 -4 97 37 -6 34 97 -16 18 -97 57 34 45 39 26 -43 -19 -23 67 -36 -32 67 -7 63 41 34 71 49 31 -32 -94 100 85
55 -40 62 19 76 20 -94 11 8 -9 68 34 86 -45 49 32 -30 -47 97 -3 41 15 -53 -49 -64 -43 79 84 48 -28 100 6 -97 84 -12 33 2 11 56 6 77 69 35 -82 77 -60 94 98 72 -22
-90 -11 77 -66 80 17 15 46 76 -30 -27 -61 12 71 28 35 -24 29 -11 -32 39 -26 -78 -46 -39 25 6 3 -85 -91 -76 46 -99 90 -41 -8 -30 12 -19 -71 -95 -81 88 -17 -29 12 -12 15 -32 -6
-40 34 57 26 8 64 56 85 59 -56 22 1 -87 33 -61 -27 -85 -88 39 77 -87 -68 -81 58 -69 -55 -16 -37 25 53 -36 -86 -32 77 -84 -94 50 16 -7 56 -23 94 31 -80 -47 -74 58 36 72 -7
-28 -1 -56 -79 19 71 8 -98 -68 -34 46 -44 -76 -43 -9 9 -72 -59 -4 19 6 -75 59 44 43 -58 7 -38 36 -93 -74 1 56 56 71 93 -24 -80 55 91 -64 -77 -72 -89 -72 -54 -77 -29 32 -11
29 -73 -55 3 37 -57 -39 -45 -17 -40 21 -70 -31 74 -4 24 96 80 -44 24 -75 27 -2 -47 -61 -10 4 -41 94 -91 -97 -35 -15 -64 -28 2 -39 97 -15 31 86 41 -60 -54 -100 12 -90 91 31 55
-12 1 99 -1 -84 -18 67 -25 84 -35 72 87 69 -49 79 -47 81 84 95 99 -4 79 -17 1 86 47 58 -35 99 85 10 80 -58 83 19 -9 -87 -35 79 42 64 28 -62 -70 -43 -60 16 -43 -6 -46
19 20 -68 -29 37 -61 22 27 83 -8 -22 -1 74 74 -37 80 -52 94 -18 -36 72 25 -62 2 -94 -54 59 -2 34 24 52 -74 88 38 -85 15 49 -59 -60 -80 13 28 72 87 57 -45 47 10 -20 -88
-58 -39 61 40 29 -84 -57 54 31 70 -2 24 51 36 -37 -53 66 -32 -53 84 13 99 -21 58 0 84 20 -72 -72 -35 31 63 -36 -63 -23 22 -35 -45 55 -25 43 -52 -10 -9 -97 -13 87 36 -44 -40
-32 93 59 -44 -52 -56 69 -55 78 -39 -51 13 -9 43 -31 -30 -64 -32 -19 -54 -42 92 -9 -18 -27 14 -100 68 95 20 77 -100 72 -17 -55 3 -93 -96 -42 -89 5 -51 16 -23 89 53 92 96 41 13
30 48 22 -42 -92 -85 -87 3 51 -73 59 -98 13 16 -75 -69 -41 49 12 19 -70 33 -50 -88 -92 4 46 22 -24 -76 -98 4 -51 -78 -80 33 -82 9 -15 -7 82 -15 -52 39 91 7 -66 84 56 -38
25 95 63 -76 -55 88 -31 -56 -80 -86 -40 -26 -3 -38 41 8 -41 -59 93 38 -82 -2 -8 62 74 -57 56 -59 -35 7 -64 -41 11 65 98 82 -64 10 -9 -75 -8 49 78 -66 -7 -50 -32 -78 -92 41
-8 -51 -62 71 -68 -5 -51 62 9 -81 6 45 -55 55 32 31 76 83 -24 -6 27 19 -1 -6 -95 40 -63 -10 93 -70 -3 -40 69 -68 -45 -92 -97 23 -67 -20 -10 -26 -48 20 -81 -46 -13 66 -57 -25
-35 -49 76 -33 -32 40 79 -30 -43 -51 -78 -96 -65 -83 -64 -100 -87 28 70 -73 -45 2 -61 -68 -13 -30 -54 60 58 -31 -54 34 90 46 45 -50 83 98 -79 33 -19 13 26 84 52 -45 36 -20 75 -90
64 76 -94 14 -22 -21 -74 69 60 89 -15 -87 60 97 -1 -63 -70 -71 -70 -93 -22 28 -93 33 -72 -88 34 -24 66 96 -100 -72 30 31 -20 15 62 36 -92 1 -39 -26 -37 52 86 8 0 97 93 -94
68 56 37 -77 -95 -91 -89 40 -33 28 94 -30 -39 -63 -63 -54 -49 74 53 2 -90 -36 -41 -9 -90 -100 48 3 28 81 12 19 -54 4 35 85 -62 37 28 13 -25 2 -36 -88 -78 58 36 66 -11 57
-48 -41 71 29 0 0 57 -87 -34 87 -56 -12 -40 -100 -46 30 -27 58 -61 84 46 -8 -6 -8 -88 91 79 6 -64 -56 67 -28 -14 51 -75 85 -5 -26 -41 -89 1 60 -3 -62 -70 -45 48 -47 15 -35
42 89 77 -23 54 19 52 -93 -54 -92 -44 -65 64 -18 60 57 -7 -34 22 50 -50 41 -23 69 -62 41 47 6 54 -11 46 -99 -23 37 -22 96 13 38 -55 92 -64 -22 -83 97 -57 31 -88 -37 48 14
50 49
85 -96 30 -78 15 -24 -54 26 -53 -85 26 -56 75 -51 -70 73 21 -60 -33 17 2 74 53 -69 59 -85 -12 89 70 -58 88 -72 -4 94 -55 -25 -20 84 -76 33 -38 28 -56 -30 20 -3 -56 33 64 48
-9 33 45 91 -6 94 -4 78 -4 16 94 -61 74 -77 -40 18 -4 -1 66 69 46 -9 16 -72 -24 43 15 23 -58 -100 98 -58 -63 3 9 34 82 -39 -22 -39 -5 -30 91 -4 -27 17 -38 1 44 -33
35 -34 -86 79 98 74 36 -21 37 70 -85 86 -27 14 -10 0 66 -11 -70 -66 -46 -78 -100 -63 91 12 2 -14 21 -79 44 -4 -44 -66 29 -43 72 -78 -97 -97 86 9 -18 -42 -5 -82 23 59 59 -73
-52 -86 -88 -56 -34 99 -14 39 -15 24 37 35 20 -93 74 -22 -76 87 44 92 -75 23 56 -72 69 -63 98 -58 9 -12 -56 16 11 -83 -36 -86 26 -19 -16 -75 43 -65 71 -16 21 97 39 77 -96 31
23 26 -35 -25 44 -66 5 13 -29 -90 -30 -85 -52 79 -51 -77 80 -89 -87 -32 53 -19 -61 66 44 93 83 -25 -60 75 98 -43 51 -79 -83 87 -6 35 -22 7 -27 84 -29 -56 -95 -87 -47 72 22 -25
24 -14 -3 81 9 36 -27 31 -49 -50 -69 -30 98 60 8 65 -61 60 -30 -75 33 -18 61 -44 -9 18 -100 -69 97 17 -7 -15 7 47 43 96 -58 -49 -77 -38 -62 -50 40 66 10 26 -61 27 100 29
-1 29 93 -50 -72 -24 -55 -88 16 -33 -9 -75 -26 -32 9 21 -72 65 83 -33 22 -11 70 68 -5 19 -98 31 -12 70 55 -77 43 16 11 -96 53 -5 -41 -45 -36 -46 -70 -83 54 17 -28 -44 36 -47
-32 94 -36 62 -58 -14 -70 -37 2 -33 -38 -68 65 -30 -26 -63 -79 43 76 -85 2 31 6 62 -35 8 -19 -28 -55 -78 -1 54 8 39 55 78 -45 -28 41 17 81 -55 69 -61 -38 31 58 61 -17 72
-45 89 -9 -84 97 93 -24 -20 -78 15 -40 -38 85 56 -42 -34 -88 40 -77 -70 -23 -62 -42 -18 -27 -72 61 -58 73 -80 55 37 98 -53 45 -9 -26 -83 -53 100 -79 21 20 -38 30 -35 -30 -82 -75 2
52 42 -25 62 -49 -75 62 10 -20 51 65 32 33 -4 -61 -32 46 65 -9 31 84 -43 50 96 18 2 98 -90 72 -98 49 10 86 21 -66 16 -54 -1 24 -72 -76 -92 -35 73 91 3 -13 -24 -50 -44
48 16 18 16 97 -42 -87 17 -81 25 16 -64 59 -48 -92 -81 -86 -3 7 51 -4 -49 3 92 73 94 30 -49 74 34 19 -30 -61 0 2 3 -17 17 14 -48 48 -32 55 -52 -59 -50 22 54 -22 -33
92 -57 71 -23 60 17 3 -9 59 98 -72 -9 -19 51 14 -69 -57 60 39 -78 -32 -1 -30 69 -42 -48 69 25 85 -66 28 -50 -39 93 82 53 -34 -38 43 -34 66 -5 -6 53 58 -73 41 -80 32 4
29 84 -67 -28 41 -57 47 -60 66 96 -51 70 80 27 -12 75 -94 -52 1 3 -28 12 -43 15 99 94 74 -50 -5 26 40 73 26 -7 -26 65 -70 -9 21 -67 4 25 66 79 -4 -79 66 15 61 52
22 9 -7 -66 -53 -27 -88 39 -85 45 58 61 96 57 -69 19 1 -1 -20 90 -59 32 -73 -38 0 39 -83 17 73 27 -61 86 27 58 -81 -37 52 -26 -23 42 7 11 -94 -10 91 94 -83 -21 -51 40
86 90 -70 -82 16 62 -17 -70 -11 -52 3 95 -100 51 -47 -80 46 -99 -79 97 59 -87 -2 21 58 -4 5 -57 -13 -12 88 57 -7 36 47 56 9 93 -45 78 21 59 85 -4 -12 -21 -9 95 36 37
85 -95 81 -35 85 100 15 -74 -80 50 84 40 1 70 14 -25 60 -71 51 68 -9 -35 -39 61 38 -24 12 -45 -41 -31 93 32 45 -39 -3 56 -4 -80 -64 41 -55 -36 -90 -52 -19 -76 87 -27 -98 -72
-45 -61 -20 -11 20 89 -23 3 -49 -100 52 47 -90 -14 -79 16 0 -39 100 96 52 -86 59 60 12 58 83 -32 -25 81 54 15 85 63 83 -23 -56 39 5 4 -42 30 -69 61 6 -7 79 38 -17 -71
24 54 91 20 34 87 23 -51 -79 44 -88 96 6 2 22 -25 20 88 52 -65 -85 73 -53 -100 78 -65 96 -44 91 9 3 18 -39 9 78 44 -61 -87 -55 -56 49 -21 68 -88 -16 22 -10 57 52 26
71 -19 -35 -81 34 91 82 88 -68 -74 74 73 73 -54 61 97 -67 -14 12 71 73 98 62 72 47 -45 -49 -56 99 -80 79 26 51 -55 26 92 -47 -3 -99 -24 -73 91 35 33 -22 27 47 20 59 -88
-49 42 -54 11 -27 -48 -18 -40 -54 20 -55 -24 64 27 47 -15 48 -37 74 -60 -48 15 -88 -57 -36 -62 1 9 82 12 48 28 20 -8 -20 -60 -76 -85 -90 52 19 23 -77 63 89 48 4 -17 57 -68
-27 5 -22 -56 96 -42 7 22 -8 23 -64 14 28 -88 -47 24 15 -86 -78 -51 6 -67 -53 -15 34 13 18 -41 -37 -34 -78 -38 44 -30 1 -7 -29 -14 -88 74 -73 100 -36 -90 87 99 32 -63 -25 -18
-31 44 61 -42 -19 39 35 12 42 -28 55 -15 -27 -35 85 -97 -10 -17 75 -7 96 -28 -84 -42 96 -33 -34 97 -55 74 84 81 -85 56 -96 72 -88 -48 85 -16 -74 21 42 -82 -82 96 3 73 27 -47
42 -51 93 77 13 25 100 -34 -16 19 -25 56 -86 -63 -3 83 34 62 90 36 100 -8 -2 20 -80 48 3 -30 -33 93 -96 -46 20 36 87 38 50 -3 -97 77 16 23 -85 17 58 -76 17 90 77 -45
86 2 -29 8 -43 -40 63 47 -24 -88 -16 1 86 39 6 89 -32 16 -22 -95 8 -5 -39 20 75 -83 -36 81 59 48 16 -81 -75 19 74 97 -98 -73 30 -91 -69 -24 67 2 -81 36 38 -76 59 -40
-84 -58 7 -58 51 22 46 -48 -94 39 -13 78 -3 -9 -64 -53 9 -74 40 -40 -2 -70 14 -41 -91 70 23 93 -66 -13 13 75 84 -35 47 33 82 36 78 5 62 -54 -34 -33 28 -30 -69 -65 -22 68
-97 6 -13 -87 12 -5 38 -95 53 93 95 70 -19 95 99 -47 -72 94 9 39 -63 -43 87 -39 60 14 -38 -46 57 -94 41 -90 -61 -55 -23 -61 0 -12 -10 -54 -58 -33 -74 -96 -28 17 -25 -86 45 -82
23 -28 -22 3 -76 -23 42 -87 25 27 -25 -71 90 -35 -84 -100 65 -63 68 -21 100 32 7 23 89 -14 -26 -38 37 52 21 79 -6 49 7 67 -47 53 -66 9 64 -69 -69 -80 -89 -42 33 -61 -17 -59
57 -69 92 -53 -83 -68 -94 15 76 -27 53 -40 -77 -84 96 34 13 28 79 27 46 56 93 67 64 10 82 -31 -60 63 -51 -96 54 -26 64 12 -54 48 -72 -19 1 -20 -47 -48 -29 -89 30 -79 -79 -75
34 21 48 -16 62 -82 57 -86 97 78 45 36 61 4 -16 80 64 -83 68 33 -67 -50 -93 -63 4 43 42 24 -3 43 37 -39 -41 10 -31 -17 84 -84 -100 41 -41 -98 35 85 -69 -56 -99 82 -87 57
31 -27 -91 -11 77 73 27 55 -9 -14 74 -80 63 69 18 82 85 18 -32 19 13 2 -84 68 -28 57 -98 -83 -67 -69 67 -18 13 -67 54 98 -95 -76 -18 -65 -76 16 2 -55 35 -49 -74 27 -2 6
-8 -44 36 33 19 26 76 -91 -55 -42 61 -66 -56 -14 74 -32 -60 76 -85 34 -27 -67 29 -61 -85 -56 29 25 61 -75 -85 -3 -82 -14 -48 -74 6 38 -96 65 53 44 21 88 16 12 29 -64 17 13
13 -68 19 94 -37 29 -47 -14 3 -36 -82 7 39 49 30 49 45 1 23 34 -33 -99 -60 43 3 -42 -34 -5 54 -8 44 64 94 2 67 -7 -49 -29 94 -9 -19 83 59 -76 72 -73 27 -30 36 -57
54 52 26 59 96 -45 -6 1 97 -2 -27 36 42 71 74 49 15 -86 -93 -8 53 52 12 -15 37 -4 -71 22 1 26 0 48 -39 40 5 -58 79 -77 99 34 -39 -93 -47 90 -20 15 -43 -93 -58 46
-99 -7 -63 34 -49 -43 -85 -64 58 60 -15 9 -49 -52 -34 77 -66 -40 98 9 98 37 70 68 94 -90 -53 -9 -65 -7 33 -88 -14 33 63 18 -29 69 45 89 -75 -24 -16 -38 96 22 -25 41 -63 -90
-46 -75 -42 62 -28 -51 93 -91 37 -41 -86 -9 83 19 52 -3 51 96 19 90 -32 -78 -42 -17 -19 7 26 -50 -56 20 11 13 -76 -77 47 10 79 15 9 -17 31 -96 -41 88 80 -69 30 17 -48 -80
-33 21 -11 19 21 37 40 -39 4 82 54 -54 30 89 -13 -22 50 -89 -68 69 60 29 95 76 20 67 97 -52 75 51 38 90 70 -36 82 76 96 92 82 -9 -31 -69 -67 -55 96 -92 73 51 -50 -90
25 -27 -3 -49 6 -93 14 45 70 -27 59 -18 -97 32 18 -11 92 -89 -91 71 -63 -84 -94 -13 25 59 -6 82 -58 82 -98 73 94 -39 -6 30 99 -80 1 -84 79 10 -13 53 44 67 80 65 50 -72
34 -15 5 65 -76 16 -53 -61 32 90 81 -37 44 55 -38 43 0 -66 -54 -2 -37 32 85 70 26 33 -78 83 -95 39 -79 10 38 15 43 31 67 47 55 52 23 56 12 33 73 72 3 64 -38 42
20 82 59 -57 14 87 16 -33 -15 9 -16 -62 -81 77 -75 47 36 38 79 21 -26 49 -5 2 64 -83 89 -51 26 34 -75 9 72 -100 21 -22 -63 -42 -99 -89 -57 -49 28 -62 -97 44 60 -51 81 -67
-34 -44 -72 1 -73 35 28 10 77 66 16 13 -63 8 70 -65 -37 22 92 43 -38 -98 -68 97 46 -46 73 22 -59 66 13 -95 -43 27 62 -42 -23 -1 54 -99 87 -31 -97 86 -75 -67 -22 1 47 -2
-7 28 -40 -16 83 -51 73 -79 27 -3 51 29 -79 14 -83 39 58 -87 -50 -61 23 -90 0 23 93 -78 -44 93 -93 3 -96 -32 -43 -80 40 4 47 -34 -36 -57 81 52 -22 -51 14 -43 81 -100 43 50
71 21 -85 97 -82 72 30 13 -34 97 -28 73 74 -11 -17 -74 99 -30 27 -34 -78 78 -10 6 -99 -78 -54 -27 33 -1 -28 -69 99 69 52 -59 -24 36 70 94 -20 -14 -51 51 -24 -41 27 25 67 42
-55 86 34 -41 98 63 -44 47 31 73 -39 -6 74 -40 -35 0 -88 48 33 -2 -38 -14 -87 -82 -43 -53 53 91 -72 66 -59 70 -48 -34 -54 46 -24 58 -33 -74 -97 -42 30 -35 -80 -76 57 87 -41 93
72 -43 53 -99 -79 -49 85 -10 -59 -31 55 -86 27 -42 -8 76 3 16 59 -79 51 33 40 -90 -35 52 -49 89 23 93 -38 27 40 -27 -84 -27 98 78 -97 -25 58 -36 12 66 -70 -6 11 -70 37 -2
39 -7 -88 84 -31 47 -57 67 -4 46 -35 80 -82 -19 26 74 5 -90 46 -44 42 91 75 -43 44 88 50 7 33 26 -39 51 -24 -62 -57 -52 91 -94 95 98 33 4 -88 94 45 -72 33 53 60 -94
-16 -86 -24 -34 -11 -52 45 47 -17 -85 -71 98 18 55 96 -25 75 -43 23 -60 29 14 -86 -98 59 39 21 61 36 -86 6 79 68 14 -97 -56 96 24 -86 -24 -90 -100 -18 92 -53 71 -31 91 -34 12
74 46 -59 -7 36 39 -35 -31 -95 22 19 12 39 -12 -24 -31 -2 59 24 16 -20 73 77 -64 58 56 -85 -38 -49 0 18 -11 85 -5 -98 0 -80 -31 10 32 68 3 -7 -63 52 35 12 -64 -3 -64
-6 -46 62 78 18 -94 29 -56 30 65 87 82 3 -95 26 99 -87 87 -15 34 76 -51 17 -80 -39 -15 -68 59 -64 84 35 -96 49 -37 49 -31 -62 18 30 -3 40 65 29 45 51 -82 -40 79 -13 15
-72 -6 65 -93 -71 -90 -75 -87 -82 -6 -98 -34 -42 89 50 0 29 -23 42 -5 -16 51 65 -93 19 59 37 50 -70 -28 -22 -87 77 -63 -69 33 38 -98 34 39 -80 57 -41 51 -81 -56 11 3 26 26
19 -84 -52 40 48 -26 -48 94 22 -52 35 -83 -72 78 -77 -7 -31 0 -89 -65 -64 -25 27 49 -28 90 18 87 -75 -88 -47 -20 7 58 -57 14 23 -66 -79 85 -96 -63 64 69 -55 5 35 -39 28 -45
50 50
53 42 2 -40 48 2 -37 -42 12 57 37 53 -75 92 47 -73 15 45 -57 30 37 -93 49 -61 77 48 -84 -36 -86 -73 -72 -16 -93 6 48 56 -99 -49 -44 3 -70 -10 22 0 -50 4 80 -50 73 97
61 -59 80 -20 -59 -60 -45 38 84 -47 88 -9 -69 -24 31 12 37 -28 -16 -66 8 -29 -43 -10 -37 29 36 2 -67 -8 13 -36 -5 -4 -29 -29 -22 -33 20 -79 -94 -92 -38 47 -92 -46 -8 -49 -9 -88
36 -45 -8 -58 20 79 -40 -41 17 91 -40 45 41 -24 78 -92 -37 -20 -19 50 70 13 26 -93 -84 78 -22 100 41 29 84 -85 -40 -82 -16 -98 -85 83 -84 -37 63 52 -94 -49 -76 -18 93 63 78 -86
-41 -37 83 39 23 -25 56 -32 76 -32 14 -74 -85 52 -17 -86 90 -84 -1 42 -65 -74 75 -13 -34 -9 70 68 21 43 94 -16 -92 24 -12 99 -68 -46 77 -7 36 -53 -65 -5 67 -38 34 -52 43 -61
84 83 -44 -97 18 19 -39 -83 64 -97 -53 -70 -77 19 62 -64 100 -73 -19 -41 -16 91 -17 -41 -20 33 -6 -82 -7 35 55 -84 69 43 -80 -61 8 23 57 -4 -59 81 -27 37 -67 69 10 11 -15 17
-81 20 -57 33 81 -95 -50 71 84 66 -10 52 94 61 15 -58 69 -81 -2 -21 61 -35 -89 36 8 -18 -60 -61 97 -54 100 56 -15 47 -8 -33 53 46 42 -80 -84 82 0 82 -78 -88 6 -29 52 27
20 70 46 69 -5 61 -67 -73 -50 -3 -73 99 -1 -60 11 -11 -82 17 56 14 84 64 16 4 88 44 16 21 41 -98 49 -87 99 4 -79 56 -11 9 49 -81 -79 70 -23 -74 -75 84 -86 58 -58 2
-91 -84 51 69 -83 47 68 -87 -7 93 50 -70 -24 49 -49 -10 5 -94 -45 -25 -23 -41 97 -38 68 65 -82 -98 -40 35 76 55 100 -18 -40 5 0 -71 64 46 -41 64 49 4 -38 92 62 4 -96 -63
27 94 -85 90 79 -12 -28 74 86 -34 40 69 100 69 -88 -100 -70 -68 79 83 -32 -4 70 -71 73 91 -5 8 -9 1 80 96 55 -50 38 -1 -67 -31 95 83 -8 40 -5 -39 84 37 56 41 -56 10
14 -40 -91 -47 -54 49 69 -62 82 49 -22 87 -57 45 -65 87 37 86 11 -71 18 -23 5 49 84 -22 50 -79 84 -90 -96 92 78 -94 7 -34 55 41 1 -2 81 -35 17 -80 -15 13 -94 -8 -58 83
-13 36 -66 63 -58 36 -21 30 63 14 3 56 -43 -74 -50 -73 -21 -83 -81 84 50 -69 -87 -98 24 82 70 -68 51 -81 -90 -46 -52 -22 -51 82 -77 -76 74 -18 67 1 -64 -58 13 37 67 -52 -63 -66
-91 62 35 -31 -98 -40 59 10 -92 -60 54 44 67 -40 57 -70 30 -21 26 -23 65 -5 -4 67 -1 84 -45 -80 100 12 24 -92 37 43 -96 -2 71 -16 86 -86 19 57 34 48 23 89 -83 -84 -32 28
-20 21 72 63 -45 -59 -76 38 -14 56 -26 39 -40 -99 17 63 -80 72 -50 -59 -9 50 -65 99 -45 -11 -50 -86 33 -21 88 -13 -51 -43 31 97 70 -41 96 29 -15 98 27 -47 75 -1 71 47 -82 80
-31 -48 -36 31 75 68 -68 64 -36 49 -83 92 55 -8 -83 21 -1 -13 -58 11 62 -62 85 -63 74 -45 -77 72 -10 10 51 93 -43 -26 -47 -11 24 -100 95 1 29 -31 -48 19 -5 77 -93 81 -78 88
52 -76 8 -45 -44 -10 -55 -76 98 -13 -18 -100 89 54 63 -75 22 98 34 -40 46 -20 -93 30 19 -5 -86 39 72 -14 46 -94 21 79 14 28 80 -48 -67 -49 -24 -99 -13 69 48 80 79 30 -83 -50
55 39 -75 99 11 30 80 -85 -99 1 -24 84 64 -89 59 77 -32 31 -89 23 -13 -63 77 -6 -32 -69 86 1 90 44 1 -25 1 60 -34 5 -53 33 94 77 32 5 54 -86 13 -87 43 -30 -1 33
39 36 84 -41 -66 67 -64 64 -58 -45 56 -49 -100 -98 87 -32 -17 5 -99 4 68 23 12 28 35 59 -29 54 15 6 83 91 -84 -47 57 28 7 18 -35 3 66 -11 52 -31 52 68 -60 -92 -4 53
-32 -9 92 -86 77 -38 71 -73 95 32 42 -57 71 -43 -52 22 37 -32 36 -87 -60 99 -16 -53 54 58 79 96 -64 78 -17 -75 -96 44 58 -37 85 -34 49 40 73 -17 83 11 -77 7 33 -74 -17 -49
-55 -65 -13 85 11 73 -70 -82 11 -19 50 47 50 -75 25 -24 -5 -29 -29 -29 61 1 95 61 58 78 -77 74 39 59 1 -6 38 -69 -9 -50 48 -22 97 24 -18 3 -98 54 -29 -76 -31 65 17 -37
87 41 51 48 97 -80 92 9 -17 -68 -57 13 45 91 33 -46 -19 87 16 45 -8 38 37 -79 -55 -27 -82 55 -76 -56 39 -93 -72 71 -69 9 30 59 70 37 -70 13 -54 97 -20 9 -96 -14 -5 -36
-44 14 -31 24 -43 -2 80 23 33 -92 -88 34 -1 -92 71 56 30 83 -65 94 -14 46 -39 -95 30 49 83 25 -23 39 -37 4 49 88 19 36 3 12 -72 -69 15 87 -88 54 -89 29 62 -84 -92 88
45 -66 79 -42 -8 90 67 18 77 -3 -74 21 69 -36 64 -18 -15 56 43 -9 -64 -69 -57 73 -51 57 4 99 -22 6 -22 -69 3 -93 -26 24 -55 -45 95 59 -44 21 99 89 65 -58 87 -41 36 -29
51 19 8 8 -64 1 19 9 82 85 -75 -27 -17 56 53 74 -82 61 -97 98 -77 -87 92 99 -82 -61 -76 40 51 -6 78 97 -56 -93 -44 68 -63 33 -77 -96 10 -46 -92 80 -10 -66 -87 21 90 -2
-44 35 -66 -4 36 -79 -88 -75 45 -13 -90 84 45 40 16 38 -53 85 -58 -59 -30 -69 -32 -53 41 -32 -97 -48 38 -10 -97 -97 18 94 -88 -28 -58 -37 -43 97 -51 -93 32 -15 -23 -5 -6 10 39 25
81 -32 47 62 -13 18 -99 100 87 -91 65 49 21 -35 -74 -78 -99 24 -90 -74 -1 -84 -59 -82 40 5 3 -63 -11 -27 33 -86 -79 -2 94 -17 -54 -15 22 -73 -63 77 60 -75 -22 3 -60 -86 -77 -13
45 -62 58 -58 -86 9 -37 -40 53 -22 -49 22 -57 -17 -76 -34 24 13 -79 -80 -95 2 12 61 4 -70 79 46 76 -23 -99 76 85 64 -77 -8 -29 79 95 -91 39 -14 82 -59 27 4 73 -26 -2 -15
-23 -95 96 -66 6 68 46 8 -73 -38 71 -90 81 51 3 -3 -50 -41 2 -31 21 64 -72 -78 8 48 -54 -19 40 32 -38 -14 -22 69 37 7 17 -87 -50 -31 -84 -35 68 65 -78 -98 19 -89 -78 42
-89 -90 -76 30 25 -55 17 90 -22 4 -5 -45 -37 -36 55 -15 -89 31 -90 16 77 21 -89 -26 -67 66 -6 38 18 -57 24 94 -16 5 -23 -58 -69 -18 -85 -17 58 -71 -95 -15 2 37 17 33 63 -74
-48 43 -62 -46 -67 32 38 -99 -74 87 -6 48 34 82 -36 64 -17 58 -79 31 11 57 -81 27 47 -7 54 23 -35 7 37 12 100 33 25 10 -86 -10 6 28 -46 11 48 -36 -19 -67 6 92 80 -63
49 23 -9 76 57 -88 8 -99 -90 -9 55 -54 44 24 -31 -66 3 -3 57 77 -97 -87 -60 58 -81 -18 51 -59 -6 -35 100 6 3 33 -33 92 52 59 -72 -71 95 -78 52 17 63 100 8 -80 56 -72
-26 70 -46 -43 -91 -68 72 -94 42 -53 -83 42 70 1 -55 -89 99 88 82 -10 -55 -39 -26 -82 -43 -99 -58 -10 7 -59 -55 16 0 -48 -73 38 -81 -79 35 92 60 -13 10 -25 28 60 32 90 -89 -82
-40 69 -49 74 -55 -63 -10 23 -60 -55 -49 57 -71 -71 34 -47 90 20 82 56 -92 71 7 -84 0 -21 -68 99 -86 -62 76 -73 99 31 -74 -70 -19 57 -88 52 -13 -76 -52 13 30 15 47 12 27 -37
-22 -56 -91 22 -93 -57 83 -10 -87 9 -65 3 10 36 24 100 -46 25 -77 -60 -78 78 90 -77 -45 42 76 42 77 73 13 -26 -10 -74 -34 90 75 -23 41 -7 -29 37 -31 -67 22 -55 17 -74 -47 -26
38 -7 84 95 90 -27 -52 -95 21 -36 94 88 79 28 32 24 -3 0 -43 15 85 -68 94 -22 -21 -41 41 -81 -52 30 -12 -75 100 12 -93 3 -47 -96 54 57 -81 45 8 83 -59 85 -76 60 54 -39
84 -91 6 -18 -34 -32 -100 98 98 -100 -61 69 -77 20 61 -18 -19 -69 -55 -70 0 -79 51 82 -29 36 14 83 17 72 63 21 -44 -65 62 35 -59 67 -20 54 23 -74 30 -91 -83 92 -100 97 81 54
-21 21 -18 -78 -13 -23 -73 -83 -63 -42 1 11 75 -40 -57 45 0 49 -2 -20 41 -79 4 10 30 -41 92 40 -62 74 12 -51 7 -51 3 -7 15 -46 -97 -40 -73 -15 -68 95 -47 18 31 89 100 73
-34 86 96 -36 -56 -59 74 -56 40 -95 76 86 6 74 71 -49 91 55 30 22 53 30 27 -63 -4 -80 50 50 86 22 58 87 17 -54 13 -9 39 -30 -96 0 -52 73 87 -90 15 -47 41 75 -51 -57
-82 32 95 -88 -95 8 -24 -78 -72 56 42 -81 -2 -29 -45 -20 71 -94 76 -4 -5 -4 77 -73 75 93 59 -29 -81 66 -92 -99 95 91 -52 -13 18 27 -23 -45 81 -64 16 -36 60 96 -18 -93 57 21
63 94 -49 -3 30 25 -84 45 -96 77 -74 -43 87 -4 51 -13 30 -86 -39 93 71 -84 19 -86 9 -70 -52 69 77 18 41 -39 -71 27 46 82 36 22 -12 -13 25 -58 54 -65 20 56 -31 -19 -5 80
-20 84 -80 -39 78 62 33 -19 -83 -66 80 -53 -63 76 -62 64 30 39 59 3 -89 -21 12 -14 -89 36 66 -9 -45 22 -30 -98 -8 54 83 -37 72 76 -10 -99 95 67 51 39 83 51 90 -17 14 42
-98 21 -78 45 -72 16 -24 -29 -86 42 -83 49 -66 65 -46 -57 -92 -90 90 -97 -95 24 10 -26 -30 -39 -34 -35 46 -72 28 -3 87 1 57 -92 -93 85 -14 28 21 -10 89 -18 67 77 -53 -39 -36 -56
-83 77 77 -29 84 -94 -36 -62 16 -92 28 -95 12 -60 -2 -13 -78 90 32 33 58 -19 -41 -82 -54 93 -26 -23 -57 61 -17 79 37 97 6 -11 -88 33 4 90 69 48 -90 -61 91 34 1 -88 11 21
91 -72 -10 57 -37 -97 50 -28 42 18 1 97 26 -87 -9 -7 -53 20 73 25 -76 -24 87 88 -93 94 -46 -7 -24 5 -51 -69 -56 95 -38 -72 42 9 3 89 -69 -12 25 -52 3 9 -35 48 -70 -2
89 -56 -12 -56 5 -96 1 -19 28 92 -98 -70 -57 -82 -42 28 98 72 41 87 33 -100 -86 71 93 -42 17 48 46 25 76 31 -95 6 99 -42 76 -72 -15 -75 100 -22 56 76 -30 -76 -40 -67 38 -24
93 19 -64 17 16 100 15 -56 -7 -72 -17 -38 65 89 49 29 79 56 66 76 -19 -35 -14 -100 -47 -10 -98 -82 79 -82 -35 -43 63 -54 9 -26 -57 -16 6 35 25 77 40 -35 67 -5 -79 -96 21 33
-41 -86 61 66 5 46 30 70 10 -95 78 -32 -17 56 48 -88 -77 -17 -15 5 -3 29 62 86 -87 -76 62 -90 -11 -30 -55 -10 71 -34 -21 -39 -27 -47 95 58 -95 -35 46 -12 57 -54 76 13 69 11
3 82 7 -94 -42 65 99 81 15 12 -33 23 -55 16 -36 -18 -34 6 71 69 68 -36 49 -87 42 -96 -41 10 -47 -28 46 56 5 -38 -44 53 70 -98 -94 -66 67 9 25 -83 -54 67 34 -26 53 33
-21 -32 28 -71 -96 -72 55 68 -34 49 59 -12 -99 66 59 9 70 -93 -16 -43 46 -6 -3 -3 -2 49 79 94 -26 36 19 -17 -88 -66 -26 -52 -44 -20 13 -80 -22 29 -14 40 -15 -11 -18 -22 23 -60
-18 65 96 -81 57 49 37 -36 -97 19 93 -99 -2 28 -72 5 2 -66 28 -93 -47 73 -41 -62 -47 59 10 83 -56 11 -43 -44 -88 15 -64 -97 68 0 14 0 -57 -56 49 5 -58 -3 25 -13 -76 42
54 28 -17 -34 -95 78 -42 -59 19 -14 39 -78 -56 100 -99 77 -28 86 -65 -51 6 27 31 13 38 42 2 -38 64 -21 -72 -6 42 79 -53 -69 67 -100 -37 47 -54 -30 64 63 73 75 -55 -75 -77 -9
