10
50 1
-68 -93 -79 -98 -31 -70 -57 -42 -11 -27 3 -66 -23 -52 6 -28 -59 -55 -8 -85 -71 -11 -98 -48 -70 -63 -37 -66 -13 -80 -47 -11 -96 -39 -5 -77 -40 -4 -22 -70 -89 -18 -91 -70 7 -22 5 -75 -96 -17
-3 -60 -59 1 -52 -96 -44 -13 10 -75 -88 -63 -81 -31 -67 -57 -66 -30 -92 -8 -73 -27 -59 -16 -83 -5 -48 -58 -19 -13 -3 -30 -16 8 -1 -40 -78 7 -83 -64 -66 -54 -14 -67 -81 -78 -73 -57 -50 -68
-30 -71 -78 -67 -86 -35 -69 -39 -63 -18 -98 -62 -79 -49 -14 -27 -62 -36 -8 -32 7 -17 -28 0 -16 -81 -9 10 -23 -1 4 -22 -52 -15 -80 -24 -77 3 -76 -68 -72 -76 -52 0 -17 -38 -57 -84 -98 -56
-91 -40 -33 -52 -82 -32 -81 -15 -49 -43 -20 -23 -29 -42 -59 -8 -83 -92 -31 -64 -17 -63 -2 -13 -94 0 -65 -15 -17 8 -63 -54 -84 -65 -59 -38 -45 1 -98 -81 -3 -96 -31 -51 -11 -11 -79 -74 -68 -61
-67 6 -5 5 -76 -40 -88 -91 -40 -31 -80 -82 -77 -99 -36 -44 -77 -58 -36 -29 -76 -79 -35 -27 -87 -43 -57 -78 -16 -5 -22 -34 -45 -2 -16 -76 -87 -37 5 -52 -17 -70 -34 -96 -53 -13 -49 -24 -73 -42
-4 -73 -5 -76 -76 -47 -60 -23 -28 -79 3 -49 -77 -76 -32 -64 -43 -18 -58 -51 -18 6 -46 -53 -69 8 8 -30 -80 -48 -15 -70 -21 -27 -37 -58 4 -96 -4 -28 -43 -58 -83 -38 -36 -65 -38 -47 -97 -1
-9 -61 -9 -23 -75 -7 6 -52 -91 -28 -38 -97 -72 -35 -14 -55 -9 1 -69 -84 -46 -59 -76 7 9 -5 -10 -97 -79 -29 -96 -62 -56 -63 -55 -23 -7 -44 -30 6 -6 -49 -53 -71 -65 -10 -68 0 9 -81
10 -63 -96 -16 3 -97 -17 -58 -11 -24 -55 -90 -19 4 -53 -91 -92 -19 -7 -21 4 -55 -95 -87 -4 -30 -51 -58 -41 -84 -10 -50 -29 -57 -74 -53 -68 -22 -63 -75 -58 -61 -53 -27 3 -39 -2 -21 -69 -61
-74 -95 -35 -60 -34 -75 -66 -57 -83 -70 4 -80 -98 -3 -79 4 -60 -54 -3 -14 -12 -87 3 -84 -23 -39 -91 -70 -46 7 -40 -54 -56 -5 -62 -61 -49 -40 -23 -93 6 -78 -72 -40 -43 -2 -55 -36 -41 5
-97 8 -11 -2 6 -67 -11 -61 -96 -42 -72 -49 -10 -46 -24 -26 -91 -31 5 -35 -44 6 -40 -11 -51 -78 -6 -66 -71 -54 -81 -53 -17 10 10 -79 -74 10 -94 -93 -84 -91 -12 -95 -48 -11 -25 -83 -8 -95
6 -67 -8 10 1 -69 -54 -53 -19 -69 -9 -92 9 -90 2 -44 -95 -26 -62 -90 -75 -42 -88 -54 3 -15 -51 4 -29 -89 -49 -75 -10 -40 -61 -44 -64 -85 -2 -50 -14 -79 -31 -49 -45 -93 -46 0 -51 -46
-52 -10 -71 -45 -34 -66 -88 -97 -2 -17 -71 -1 -9 0 -79 -95 -41 -27 -20 -36 1 -36 -64 -12 -35 1 -63 -11 -54 -33 -75 -90 -73 -28 -63 -15 -10 -44 9 -74 -75 -80 -11 -63 -80 -28 -27 10 -92 -99
1 -2 -67 -97 -18 -48 -76 -36 -61 -78 -30 -48 -3 -49 -1 -82 -76 -80 -49 -41 -66 6 -62 -65 -4 -58 -1 -35 5 8 -91 -1 -1 -4 -48 -30 -95 -100 -35 -38 9 -40 -6 -2 -27 -58 -45 -53 -44 -9
-16 -74 -7 -71 -2 -15 -94 -2 -93 -42 -69 -87 -80 -30 -24 -15 -13 -50 -95 -43 -36 -100 -15 -36 -49 -70 -53 -80 -34 10 -51 1 0 -79 -53 -15 -22 -47 -46 -95 3 -13 -33 -21 -63 2 -8 -86 -7 -9
-22 -11 -2 -93 -80 -90 4 -97 -41 -49 -26 -14 -22 -43 -12 -51 4 -34 -48 -71 -35 -83 -43 -6 -89 -7 -82 -55 -57 -19 -98 -31 -57 -60 -27 -50 -78 -10 -26 -90 -75 -94 5 -22 -48 -9 -92 -25 2 -80
-1 -75 -95 -61 -100 -98 -1 -26 -59 -9 -81 -31 3 -4 9 -52 -33 -93 -78 -5 1 -26 -22 -92 2 3 -18 -45 -23 -28 -52 -93 -41 -8 4 -1 -51 -76 -18 -28 -79 -60 6 -30 -58 -69 -93 -44 -36 -76
-82 -88 -32 -67 -28 -6 -72 -72 -31 -79 -46 -61 -20 -56 8 -44 -35 -68 -54 -19 -18 -49 -46 -82 -69 -75 -69 -60 -51 -72 -78 -77 6 -33 -51 -46 -99 -51 -93 -98 -61 -39 -10 0 -96 -62 -29 -90 -56 -28
-78 -54 -29 -40 -42 -58 4 -100 -35 -31 2 -59 2 -52 -31 -16 -48 -13 -100 -19 -69 -18 -92 -40 -97 -30 -90 -26 -99 -86 0 -68 -22 -1 -34 -91 -79 -37 -19 -100 -95 -72 -29 -3 -5 -6 -14 -2 -57 -84
-36 -28 9 -21 -77 6 0 -39 -83 -72 -97 -1 -30 -1 -99 -71 -63 -15 -5 -36 -13 -37 -3 2 -17 5 -41 -81 -51 -32 7 -91 -24 -69 -14 -76 -20 -18 -3 -93 -64 -58 10 -63 -83 -96 -29 -1 -50 -5
-29 -13 -47 -44 -83 -18 -98 -42 -33 -26 -97 -48 -36 -85 -52 -88 -61 -63 -20 -2 -99 -51 -12 -98 -48 -9 -40 -39 -94 -32 -69 -13 -63 -48 -98 -94 -28 -79 -78 -30 -48 -56 -20 -70 -60 -22 -47 -7 -70 -45
-43 -70 -8 -68 -42 -27 -22 -78 -5 -57 -13 -51 -62 -44 -41 -4 -93 -6 -90 -4 -38 5 -97 -30 -44 6 -79 -58 -63 -7 -99 -66 -81 -83 -98 -73 2 -65 -48 10 9 -78 -21 -76 -31 -61 -59 10 -68 -15
-31 -52 -25 5 7 -28 -6 6 0 -3 -55 -30 -46 -1 -25 -83 -31 -17 -48 -76 -3 -34 -54 3 -73 -5 -2 -61 -61 -28 -35 -15 -61 -89 -41 -5 -69 -80 -98 8 -52 -96 -44 -34 10 -18 -97 -92 -36 -19
-14 -80 -31 -13 -77 -5 -61 -24 -4 -78 0 -53 -43 -43 -26 -92 -65 -12 -52 -96 -72 -57 -52 -54 -17 -74 5 -98 -67 -83 -6 -81 -31 -97 -83 2 -63 -58 -86 -2 -72 -59 -33 -87 -50 -34 -42 -55 -86 -97
-89 -78 -84 -22 -64 -42 7 -6 6 -46 -3 -42 -30 -73 -2 -96 -82 -64 -59 -81 -75 -13 -61 -72 -49 -10 -87 -90 -47 -91 -35 -4 -65 -55 -72 -52 -68 -100 5 -31 2 -4 -90 -23 -91 -78 -38 -55 -9 -26
-48 -88 -15 -46 -55 -64 -83 -89 -69 -10 4 -63 -94 -83 -99 -84 -27 -35 -31 -13 -29 -40 -20 -3 -5 -11 -16 -79 -93 -74 -56 -55 10 -7 -62 -78 -100 -65 -5 -24 -27 -7 -83 -73 -31 -97 -33 -15 -26 -35
-4 -73 -6 -25 -91 -12 -24 -91 -39 1 -33 -9 -97 -99 -31 5 -92 -11 -95 -28 -37 -92 -21 -26 -39 10 -68 -83 4 -7 -74 -33 -89 -90 -19 -73 -84 5 -12 -1 -48 -13 -49 -26 -100 -52 -55 1 -44 -52
10 -78 -38 -39 -20 -28 -70 -40 -40 -75 -83 -89 -48 -95 -94 -17 -48 -97 -72 -88 4 -64 -13 -25 -53 -79 -22 6 -96 -87 -10 -5 -53 -27 -80 9 -38 6 -35 -77 -27 -81 -15 -34 -3 -86 1 -65 -50 -86
-58 -21 -48 -36 -23 5 -44 10 -16 -25 -61 -6 -80 -27 -53 9 -65 -68 -66 -97 -78 -73 -75 -100 3 -59 -32 -23 -9 -96 -88 -73 -2 -44 -10 -26 -41 -74 1 -41 -9 -13 -88 -44 -80 -33 -2 -71 -19 -25
-60 -21 -94 -15 -25 -46 -34 9 -12 -2 -11 -96 -35 -98 -89 -63 -100 -83 -94 -10 -56 -65 -49 -85 -94 -13 1 5 -58 -81 -14 -12 -32 -92 -25 -14 -5 -87 1 -44 -88 -60 -92 1 -2 -14 -50 -20 -38 -40
-98 5 -54 -39 -77 0 -43 -12 2 5 9 -11 -75 -88 -13 -78 -87 -87 -63 -74 -10 -47 7 -73 -7 -78 -15 -57 -9 -94 -18 -22 -2 -30 -20 -69 -15 8 -74 -62 -86 -49 -8 1 -26 -86 -51 -30 8 -65
-82 -74 -39 -47 -55 -97 -4 -4 -42 -17 -12 -92 -41 -100 -28 -64 -93 6 -95 -39 -19 1 -20 -94 -39 7 -67 -85 -32 -77 -50 -11 -41 -64 -7 -68 -14 -7 0 -92 -64 -2 -62 -44 1 -49 -46 -54 -67 -60
-71 -2 -26 -26 -7 -74 -86 -34 -88 -70 -11 -59 -23 -70 -44 -45 -89 -76 -35 0 -55 -35 -68 -84 -44 -54 -82 -2 1 -3 -37 -76 -68 -39 -10 -84 -76 -11 -40 -60 -70 -40 -39 -22 -54 -37 -78 -56 -95 -45
-31 -94 -19 -60 -43 -51 -84 -12 -81 -71 -72 -4 -49 -1 -90 -29 -77 -70 -97 -83 9 -16 7 -31 -7 -91 -81 -47 -6 -77 3 -95 -29 -61 -62 -10 -38 -100 -86 1 -82 -9 10 -57 -82 5 -79 -54 -79 -92
-27 -21 1 -55 -80 -76 -81 -36 -86 -17 -34 -32 -34 -79 -12 -52 -53 -36 -32 -41 -24 3 -79 -84 -24 -98 -27 -2 -77 4 -69 -16 -10 -53 -90 -74 -82 -84 6 -47 -56 -82 -4 -95 -92 -70 -52 -28 -34 -80
-30 -42 -77 -9 -83 -53 -11 -55 -82 -2 -68 -74 -49 -42 -97 -36 -4 -73 -36 -42 6 -77 -75 -68 -54 -12 8 -9 9 -68 -82 -10 -63 -64 -44 -90 -11 -15 -58 -75 -86 9 -40 -69 -27 -47 -87 -54 3 -65
-54 -87 -14 -84 -16 -39 0 -76 -38 -40 -73 7 -12 -4 -35 -47 -11 1 -46 -39 -10 -48 -53 -26 -89 -5 -11 -33 -29 -67 -89 -21 -25 -2 -36 -45 5 -5 -1 -5 -62 -87 10 -94 -16 -59 -12 -79 -19 -96
-85 -91 -71 -49 -44 -66 -42 -68 3 -73 -91 -33 -95 -99 -6 -62 -12 -97 -86 -22 -88 -52 -50 -7 -71 -27 -78 -1 -82 -44 -79 -48 -27 -47 -90 -54 -69 5 -58 -54 -5 4 -11 -40 6 -29 -84 -35 -25 -38
-69 -83 -5 -60 -42 -96 -23 -66 10 8 -55 -36 -32 -47 -65 10 -11 -67 -54 -1 -36 -53 -9 -56 -100 -84 -51 -82 -30 -76 10 0 -61 -95 -9 -14 -48 -44 -32 -52 -17 -67 -57 -65 7 -70 -71 -25 -1 -8
-13 -76 -34 -3 -50 -90 -62 10 -59 -47 -35 -28 -96 -80 -66 -93 -28 -77 -44 -3 -56 2 -18 9 -35 -45 -96 1 -32 -20 -54 -28 -64 -52 -71 -70 10 -27 -88 -16 -8 -33 -81 -40 -5 -39 -37 6 -9 -16
-12 -49 -58 -46 -51 -10 -73 -58 -53 -65 -93 -33 -82 -41 -39 -6 -34 -93 -15 -2 -72 -82 -30 -10 -83 -71 -37 -87 10 -72 -74 -15 -76 -65 -44 -2 -79 -81 -53 -3 -4 -84 -77 -89 -42 -29 -26 -81 -46 -67
-58 -83 -16 -26 -72 -1 -51 -89 -12 -8 -86 -33 -95 -47 -5 -84 -66 -78 -18 -56 -71 8 -8 -53 -46 -92 -93 -86 -55 -76 6 -98 -6 -77 0 5 5 -70 -26 10 -63 -6 -54 10 -5 -7 -91 -69 -75 -73
10 -63 -93 -51 8 -88 -81 -83 -84 4 -53 -53 -36 -60 -23 -3 -2 7 -14 -46 -50 -20 -70 6 -9 -18 -91 -22 -21 -40 -6 -93 4 -12 -15 -47 -16 -75 1 -88 -94 8 1 -27 -31 -13 -92 -53 -36 -32
-78 -5 -19 -94 -52 -62 -52 -83 -16 -50 -27 -64 -13 -97 -42 -29 -88 2 -18 -52 1 -44 -82 -78 -25 -89 -76 -80 -38 -3 -100 -66 -13 -49 -39 -9 -26 -21 -30 -25 -25 -49 -47 -30 5 -36 -33 1 -46 -89
-17 -2 -80 -49 -91 -4 -36 -48 -21 -78 -99 -8 -62 -5 7 -61 -87 -5 -61 -94 -7 -61 5 -70 -72 -75 -20 -39 -75 -89 -52 -9 -27 -62 -85 1 -7 -32 -92 -39 10 10 -99 -70 -85 -46 -35 -78 -49 -65
-26 -98 -55 -16 -30 -80 -27 -44 -8 -89 -89 -32 -25 -1 -96 -25 -31 -21 -70 -72 -33 -8 1 -46 -6 -69 -85 -36 -64 -96 -100 -13 -84 -57 -42 -81 -57 -76 -59 -80 -12 -50 -50 -90 4 -17 -4 -48 -37 -21
8 0 4 -75 -26 -73 -34 -65 -8 -84 -34 -72 -30 -12 -35 -76 -17 -23 -1 -43 -1 -50 -5 -38 -37 -42 -71 -98 -20 -23 -83 -12 -42 -3 -40 -41 -84 -78 2 -8 -25 -87 -49 5 2 -74 -63 -81 9 -8
-35 -43 -74 -31 -70 -7 -59 -20 -49 -69 -95 -20 4 -12 -15 -2 -37 -97 -18 -78 -61 -13 -51 -59 -94 -64 -50 -62 -71 -9 -80 -75 -4 -60 -44 -14 -45 -91 0 -27 -51 -48 -18 -52 -94 -39 -19 -75 -16 -93
-43 -31 -83 -78 -24 -22 -76 -89 -97 -22 -72 -98 -3 -68 -43 -61 -91 -77 -73 -42 -100 -95 -87 -10 -38 -16 5 -75 -3 -35 -49 5 -61 -55 -32 -73 -57 -69 -69 -66 -3 -41 -1 3 -12 -91 -16 -22 -9 -85
-56 -7 -74 -20 -97 -54 -88 -82 -45 -9 -15 -25 -54 3 -53 -40 -6 -19 -95 -69 -70 -85 -51 -19 7 9 -4 8 -17 -51 -78 -60 -85 -9 -61 -84 -69 -56 -35 8 -58 -55 -56 -71 -63 -63 -64 -40 -55 -60
-81 -7 -82 -57 -72 -90 -66 -22 -43 -28 -97 -10 -58 -96 -43 -30 -62 -76 -37 -36 -56 -77 4 -12 -99 -49 -81 -5 -41 -61 -72 -99 -88 -71 2 -99 -3 -29 -10 -73 -84 -85 -86 0 -54 -28 -66 -52 -8 -23
50 2
5 -76 -32 -35 -88 -78 -81 -41 -39 -41 -8 -53 -21 -28 -9 -54 -62 -52 10 -30 -64 -66 -49 3 -86 -55 -33 -42 -43 -93 -74 -27 -17 -15 -46 -87 -43 -90 -41 -16 -13 -81 10 -75 -17 -65 6 -52 -50 -16
-34 -99 -88 -17 -71 -3 -26 -92 -65 2 -43 -76 -91 -35 4 -19 -83 5 -56 10 -76 -90 -48 -70 -30 -55 -81 -27 -44 -26 -35 -61 -50 -26 9 -61 -41 -75 -5 -61 3 2 -25 -95 -37 -37 -13 -10 3 -61
-88 -21 -56 2 -44 -36 -36 -18 -25 -82 -40 -80 9 -77 -71 -20 -66 -78 -88 -87 -76 -29 -29 -9 -67 -42 0 -75 -69 -89 7 -81 -47 -73 -47 -3 -96 -46 -36 -18 -18 -50 -99 -27 -14 -5 -22 7 -80 -73
10 -8 -69 -34 -87 -1 -20 -16 -16 -82 -58 -20 -49 -80 -36 -4 -31 -37 -100 1 -8 -16 -62 -43 -65 -77 -84 -71 -28 -38 -90 -74 -54 -60 -56 0 -57 -21 -52 -33 -63 -21 -1 -74 -90 -52 -40 -24 -26 -97
9 -74 -10 -88 -83 -15 -37 -89 -36 -99 -29 -66 -15 -53 -91 -93 -89 -19 -35 -20 -7 -39 -8 8 -91 -82 -75 -41 -81 -65 -28 -95 -16 -10 -83 -16 -89 -35 -21 -60 -68 -73 -13 -45 -74 9 -32 -57 7 -76
-16 -71 -47 -52 -37 -23 -98 -99 -51 -21 -20 -30 -87 1 -81 -68 -2 -82 -57 -64 2 -48 -89 10 -94 -52 -86 -64 4 -4 -39 -38 -41 -13 -54 -97 9 -81 1 -43 -97 -28 -14 -43 -61 -64 -90 -4 -40 -39
-70 -88 9 -51 -74 -17 -24 -35 -6 -27 -51 -40 -71 -14 -50 -53 -53 -92 -48 -9 -7 -8 -61 -21 -34 -27 -76 -65 -96 -46 -26 10 -8 -94 -40 -90 -81 -42 10 -77 -24 -61 -1 -84 -82 -32 -68 -19 -92 -82
-94 6 -13 -39 -6 -53 -45 -81 -84 -24 -41 -72 -61 -71 -15 -17 -43 -43 -83 -9 -20 -76 -65 -25 -70 -51 -96 -69 -63 4 3 5 -87 -97 -37 -84 9 -76 -9 -49 -91 -42 -25 -76 -94 -81 -21 -84 -65 -67
-98 -32 -46 -53 5 -62 -14 -75 -94 -8 -51 -90 -3 8 -67 -93 -55 -1 -68 -85 -9 -61 -63 -14 -17 -85 -34 -27 -96 -9 -100 -32 -62 -47 -55 2 -47 -100 -82 -69 -49 1 -68 -18 -60 -61 -3 -54 2 -29
-47 -60 -68 -59 9 -88 -75 -81 -33 -34 -22 -2 -14 -2 -73 -36 -9 -63 -48 -73 -61 -73 -72 -61 -3 -22 -93 -93 -5 -17 -30 5 -12 -26 -44 -63 -89 -72 -16 2 -91 -89 -94 -69 9 -98 -53 -17 -30 -95
-50 1 -88 7 -84 -90 -58 -66 -94 -25 -85 1 -17 -86 1 -73 -37 -33 -2 -67 -38 -53 -67 10 4 -59 -97 -36 -85 -5 8 -21 -46 -18 2 -78 2 -26 -60 -37 -15 -58 -71 1 7 -10 -80 -83 -10 -15
-76 -43 -10 -90 -27 -93 -25 -95 -17 7 -87 -82 -2 9 -24 -73 -1 -67 -14 -40 -93 -12 -69 -25 -71 -9 -24 -53 -34 -10 5 -11 -70 -8 -73 7 -18 -45 -72 9 10 -42 -45 5 -33 -1 -2 -85 -95 -11
-29 -6 -20 -43 -15 5 -40 -80 -12 -62 10 -57 -6 -100 -25 -1 -20 -72 -47 -73 -53 -63 -83 -24 -6 -59 -28 -1 -59 -99 -45 -15 -33 -62 -7 -66 -15 7 -62 -7 -40 -42 -56 -62 -68 -18 -83 5 -23 -21
-63 -56 -39 -91 -53 -8 -7 -93 -15 -23 -7 -63 -30 -3 -23 -19 -26 -12 -47 -39 -76 -16 -86 -77 -1 -75 -42 10 -7 -87 -61 2 -32 -64 -51 2 -79 -80 6 -32 -95 -73 -59 -60 -84 -97 -16 -9 -6 2
-73 -57 -78 -78 -5 -60 -90 -80 -56 -64 -58 -84 -34 -5 -79 -80 -23 -4 -87 7 5 -9 -90 -31 -32 -56 -94 -27 -16 -83 -96 -7 -65 -65 -3 -92 5 -84 -82 5 -94 7 -83 -43 -79 -81 -7 -92 -45 6
-52 -85 -70 -100 -61 -53 -28 -25 -96 -72 -69 -10 -43 -97 -65 -44 5 -74 -90 -85 -5 2 -89 -19 -49 -70 -44 -21 -5 -67 -13 -77 -2 -93 -83 5 -29 -45 -96 -88 -20 -9 -75 -7 -74 -52 -68 -17 -52 -70
-91 -10 -6 -75 -15 -31 -94 -11 -74 -35 -70 -51 -78 -14 -93 -1 -32 -74 -99 -71 -74 -17 -2 -77 -72 -34 -77 -22 -9 -85 -84 -27 -66 2 -100 -93 -8 -57 -18 -81 -4 -27 -32 -32 -1 -64 -40 -47 -35 -76
-50 -94 -27 -50 -44 -49 -9 -98 5 -9 -55 -73 -87 -94 -2 -55 -15 2 -53 -37 -25 -92 -2 -99 -52 -34 -74 -47 -55 -16 -86 -69 -72 -8 -48 -49 -27 -2 -62 8 -13 -30 -64 -26 -39 -11 -100 -69 -32 -69
-62 -79 -9 -26 -96 -57 -99 -25 -10 -76 -37 -26 -81 3 1 -44 2 -82 -40 -8 -94 -84 -38 -76 -94 -99 -51 -40 -98 -56 -27 -87 -7 -40 -44 -30 -45 -31 -92 -6 -51 -90 -86 -3 3 -6 -22 -71 -88 -26
-9 -43 2 -76 -71 -11 4 -94 -11 -18 -75 -35 -48 -62 -32 -73 -3 -62 -70 -81 -22 -76 -55 -99 -68 -80 -59 -32 1 -3 10 -99 -80 -58 -44 -4 2 -38 -69 -31 -91 7 10 -43 -44 -92 -41 -68 5 -37
-25 10 -53 -97 -46 -42 -58 -90 -7 -46 7 -62 -86 -6 -82 -96 -31 -24 -27 -69 -70 -29 5 -99 -6 -59 -37 -90 -76 -93 -100 -72 -51 -84 -48 -57 -68 8 -69 -42 -44 -16 -32 -84 -86 -49 -89 -60 -67 -83
-11 -98 -56 -94 -49 -17 -65 -75 -54 -96 -58 -69 -84 -18 -8 -53 -89 -19 6 -45 -66 -85 -100 -68 -42 -91 -10 -28 -44 -58 -2 -52 -15 -55 -45 -77 -46 -14 -59 -28 -45 -100 -70 -78 -13 4 -65 -70 -10 -64
-54 -25 -43 -57 2 -96 -67 8 -88 -5 -14 4 -26 5 -51 -63 -51 -55 -51 -56 -7 -67 -20 -38 -36 -38 -78 -7 -65 -77 -78 -9 -1 -81 -33 -2 -43 -64 1 -49 -54 -4 -41 -84 -12 -33 -82 -59 -13 -59
-49 -6 -62 -25 -37 -98 -68 -53 -31 -46 -76 -12 -100 -63 -11 -31 -32 -94 -100 -26 -92 -98 -98 -80 -38 -15 -68 -53 1 -19 6 -60 -64 -55 -82 -14 -90 -3 -80 -47 -18 -3 -16 9 -49 -23 -60 -99 -37 -21
-12 -6 -32 -12 -47 -88 -96 3 -36 -77 -17 -5 -65 -96 -73 -73 -62 4 3 -61 -66 4 -13 -33 -22 -69 0 -46 -28 -28 -60 -29 -30 -81 -57 -87 -79 -69 -19 7 -24 -40 -62 -39 -23 0 -41 -41 -73 -84
-18 9 5 -46 -29 -99 -10 -25 -34 -42 -27 -10 -57 -75 -54 -6 -1 -6 -34 10 -76 -29 3 2 -39 -85 -76 -54 -39 -4 -33 -4 -45 -50 -77 -20 -74 -73 -90 -61 -1 -12 -49 -85 -53 -58 -86 -63 -85 -5
-65 -75 -8 -24 -52 7 -84 -66 -87 -13 7 -71 -5 -63 -31 -95 -50 -14 -4 -86 -93 -79 -59 -89 -72 -82 -2 -79 -97 -34 7 -42 -44 -30 -4 -81 -80 -36 -81 -75 -91 -12 -42 -55 -11 -6 -51 -92 -16 -34
-65 -64 6 -77 -49 -13 -29 -85 -24 -27 -82 -93 4 -45 -64 -20 -97 -14 -83 -50 -93 -43 -62 -25 1 -59 -9 -91 -81 -99 -12 -19 -35 -4 -99 -5 -79 -59 5 -2 -48 -30 -70 -5 7 -77 -32 -82 -52 -20
-44 7 10 -63 -2 -67 -41 -59 -86 -61 -13 -69 -86 -87 -58 -22 -71 -82 -58 -65 -48 9 6 -98 -15 -52 -67 -78 -5 -23 -38 1 -99 -25 -82 -25 -74 -23 -20 -14 -77 10 -66 -62 -48 -11 -28 -77 -25 -18
-69 -78 -98 -71 -23 -95 -65 -10 -40 -28 -68 -23 8 6 -10 -24 -7 -81 -16 -72 -59 -33 -8 -64 -50 -33 -98 -14 -44 -18 -9 -27 -100 -60 5 -75 -42 -19 0 -86 -76 5 9 0 -89 -48 -43 -50 -16 10
-2 -45 -71 -47 -23 -99 -28 -24 -96 -49 -7 -66 -53 -82 -86 -8 -14 -8 -91 -7 -71 -67 -12 1 -37 -19 -58 -44 8 -79 -12 -56 -37 -88 -96 8 -78 -12 -40 -51 -97 -53 -2 -29 6 -39 -57 -25 -70 -4
-62 -23 -39 -8 -83 -24 -20 -98 -28 -36 -40 -86 9 -15 -47 -77 -41 -90 -21 -91 -79 -90 -30 -18 -33 10 -92 -62 -3 -53 -96 -79 -7 -98 -54 -34 7 -3 -85 -74 -56 4 -54 -43 -79 -5 -19 -6 -94 -36
6 -75 -61 -53 -92 -23 -28 -14 -74 -63 -100 -41 -37 5 -95 3 -96 -76 -46 -24 -24 8 -1 -86 10 -36 -18 -82 -31 -93 9 -81 -92 -19 -90 -90 -7 -12 -70 -16 -2 -98 -88 -4 -53 -32 -44 -12 -89 -85
-24 -44 -21 -11 -85 -32 -41 -75 -46 -55 -77 -25 -17 6 -98 -17 -45 -80 -82 -8 -27 -85 -77 -88 -42 -84 -87 -69 -75 -29 -41 -23 -33 -60 -56 -32 2 -6 -54 5 9 -5 -66 -14 -41 -36 -41 -89 3 -44
-68 -65 -50 -11 -35 -31 -27 -6 -30 -77 -87 -6 -95 -31 -82 -99 -3 -37 5 -19 -83 -33 -81 -57 -55 -79 -26 -77 -69 -12 -74 -39 -29 -74 -98 -75 -53 -89 -55 -32 -15 -52 -71 -55 -97 -24 -49 10 -88 6
-18 -22 -82 -13 8 -34 -59 -4 -46 -31 -48 -5 -49 6 2 -3 -56 -26 -52 -32 -68 0 -29 -3 -70 -56 -8 -44 -77 -56 -48 -31 -72 -7 -88 -93 -10 -9 -61 -32 -57 -20 -33 -67 -99 -13 10 -68 -77 -22
-22 -67 -25 -29 -73 -28 -57 -57 -57 -22 -17 -83 -60 -2 -73 -42 -10 -7 -97 -10 7 -75 -90 -72 9 -54 -65 -77 -97 -61 -21 -14 -63 -42 -5 -5 -20 -92 -74 -3 -31 -43 -61 -15 -14 -3 -52 -36 -83 -85
1 -5 -83 -83 -4 6 -5 -91 -6 -59 -53 -13 -52 -13 -80 -83 -44 -28 -8 -67 -56 -33 -18 -46 -26 -85 -26 -88 -46 -62 -16 -26 -90 -52 -2 -73 -12 -92 -54 -8 -41 -14 -40 -98 -52 -93 -60 -24 -54 2
-44 -32 -18 -66 -43 -32 -82 -17 -24 -22 -21 -55 -36 -68 -49 -17 -84 -8 10 -91 -2 -32 -27 -63 -46 -2 -83 2 -24 -1 -74 -2 -44 -80 -26 -50 -94 -50 -34 -3 5 -86 -1 -88 -49 -35 -77 -58 3 -67
-71 -8 -21 -29 -99 -92 -70 -55 -77 -25 10 5 -4 -51 -79 -54 -34 -44 -23 -4 -68 -2 -2 -89 -95 -85 -78 1 -90 -66 -45 -84 -5 -48 -18 10 -23 -78 -58 -42 -26 -95 10 -2 -69 -100 -31 -53 -86 8
-5 -69 -19 0 -9 -34 -38 -43 -68 -2 4 10 -24 7 6 -7 -51 -17 -81 -79 -49 -14 -61 2 -68 -12 -56 -85 -55 -32 8 -87 -55 -41 -38 -19 -64 -69 -95 -38 -86 -87 -52 -34 -40 -57 10 9 -20 -92
-48 -43 -29 -17 -29 3 -38 4 -38 -82 -33 -6 -40 -83 -10 7 -43 -46 -38 -12 4 -72 -48 -26 -81 -44 -70 -66 -43 -84 -64 -94 -43 -85 -51 -80 -40 -15 -88 -75 -97 10 -52 -83 -59 -72 -54 -69 8 -31
5 1 6 0 -93 -1 -12 -43 7 -94 -84 -53 -91 -80 9 -87 -43 -5 -37 -37 -82 -27 -44 -60 -76 -3 -70 1 10 -67 -89 -10 -72 -15 -66 -6 7 -9 -59 1 -35 -98 -54 -19 -93 -50 7 -59 -34 -10
-9 -59 -72 -16 -4 -93 -9 6 3 -50 10 5 -51 -100 -24 -3 1 -58 -12 -17 -5 2 -50 -92 -22 -50 -47 -26 -30 -43 -90 -100 -23 -9 -39 -78 -68 -38 -39 2 -72 -88 -37 -87 2 -16 -51 -76 -57 -81
-39 -61 -6 -28 -31 -95 -55 -94 -19 -44 -10 -9 -65 -40 -38 -5 -87 -18 -30 -27 -72 -68 -52 10 -20 -8 -12 -7 -30 -50 -10 -6 5 -65 -27 -77 -35 -95 -81 -13 -95 2 -52 -16 -14 2 -96 -88 -61 -65
-2 -29 -98 -94 -31 -18 -44 -46 -77 -50 -24 -17 6 9 -82 -69 -81 -15 -41 -24 -13 -74 -2 -58 -30 -67 -75 -62 -20 -80 -22 5 -17 -21 -92 -35 -53 -58 -80 -68 2 -36 -4 -20 -93 -19 -40 -51 -68 -37
-58 -27 -84 -40 -80 -77 -47 1 -61 -35 -54 -88 -19 -79 -66 -56 -40 0 -59 -98 -54 -8 -56 -24 -71 -78 -33 -89 -95 -12 -48 -2 -48 -21 -56 -37 -84 -61 -94 -43 -34 -69 4 10 -40 -26 -99 -82 -39 -34
-15 -14 -48 -97 -94 -70 -55 8 -70 -34 -25 -37 -17 -90 -96 -61 -25 -30 -61 9 -49 -49 -77 -31 -9 0 -26 -36 -2 -14 -9 -30 -55 -19 -33 -4 6 -96 3 -2 -21 -54 -52 -65 -21 -57 -35 -15 -46 -37
-69 -91 -28 -11 -62 -44 -48 -5 -34 -85 -19 -91 -51 -12 -44 -40 0 1 -20 -90 -96 -72 -37 -48 -91 -90 -99 -16 -91 -10 -34 -29 -79 -95 -80 -93 -65 -32 -70 -20 2 -21 5 10 -60 -99 -16 -88 -63 -43
-35 -38 -71 -18 -7 -18 -65 -37 10 -76 -83 -16 -44 -52 -54 -2 -72 -86 4 -17 -13 -45 -64 3 -91 -85 -16 -34 -33 -90 -71 2 -86 -51 -58 -18 -40 -18 -75 -52 -37 -15 -34 -12 3 -92 -30 -93 -98 -52
50 3
-14 8 -66 -92 -41 -65 1 0 -76 -59 -31 -21 -99 -4 6 -20 -3 -37 -75 -94 -49 -24 -75 -98 -4 -81 -12 5 -4 -66 1 -45 -83 -89 -10 -18 -13 -68 -12 -66 -3 -75 4 -40 -55 -80 -78 10 -48 -87
-82 -69 -78 -55 0 -21 -14 -4 -17 -64 -40 -95 -38 -43 -57 -7 9 -56 -26 -55 -73 -86 -2 -82 -51 -92 -28 -20 -47 -9 -92 -30 -87 -39 1 2 9 -78 2 -90 -8 -74 -19 -52 -46 -15 -33 -52 -21 -93
-30 -6 -16 -20 -47 -48 -64 -69 -28 -93 -52 -65 -66 -78 -31 -15 -57 -26 -17 -29 -79 -21 -12 -90 -9 -50 9 -21 -60 -99 -99 -51 -13 -75 -34 -15 -25 -16 -16 -30 -61 -16 -43 -82 -100 -85 -9 -36 -90 -32
-41 -91 -30 3 -17 5 -14 6 5 -43 -85 -5 -81 -94 -15 4 -54 -26 -29 -17 -94 -26 -59 -14 -95 -94 -9 -87 -15 -28 -86 -10 -86 8 -21 -26 -48 -4 -13 -19 -23 -27 -1 -55 -51 6 -14 -18 -37 -47
-68 -90 5 -29 -100 -84 -22 -11 -77 -8 -45 -75 -74 -72 -28 -55 -56 -16 -30 -7 -18 -47 6 -57 -95 5 -3 -27 -14 -59 -50 -49 1 -44 -43 -62 -100 -99 -53 -21 -98 7 -95 1 -48 -88 3 -67 -80 -80
-72 -33 -76 -55 -88 -51 -85 7 -46 -71 9 -33 -79 -100 -72 -91 -37 -28 -67 -99 -89 1 4 -76 -8 -58 -29 -65 3 -26 -16 5 -68 -71 -85 3 -81 -59 -5 -86 -49 -98 -99 9 -18 -86 -26 -78 -1 -36
2 -30 -71 -26 -28 -26 9 -50 -86 -89 -70 -44 -49 -46 -18 -55 -43 -81 -98 -71 -72 -84 -56 -74 -9 -12 -95 -85 -95 -54 -23 -17 -26 -38 -28 -87 -48 -93 -91 -33 4 -16 -80 0 10 -52 -1 -50 -13 -84
-94 -93 -39 -15 -53 -53 -98 -27 -50 -63 -92 -38 -30 -46 -4 -39 -83 -27 -65 -10 -81 -30 -2 -64 -87 -56 -16 -38 -49 -38 -9 -89 -92 -36 -92 -53 -20 -8 -40 3 -95 1 -20 -56 5 -30 -35 -69 -45 -20
3 0 -8 -74 -52 -9 -52 -4 -31 -8 -19 -66 -79 -48 -64 -31 -95 8 -63 -44 -92 -69 -70 0 -36 -88 -68 -90 -9 -78 -50 9 -89 -47 0 -41 -16 -39 -36 -68 -14 -50 -46 -64 -29 -47 -22 -41 -79 -34
-93 -99 -9 -83 -96 -56 -91 -73 -93 -54 -3 -21 -47 -26 -5 -93 -14 -91 -33 -64 -15 -20 -17 1 -51 -20 -58 -34 -62 -22 -90 -13 9 -53 -46 -87 -80 -20 -24 -62 -50 -12 -30 -82 -1 -49 -61 -35 -52 -85
-26 -61 -17 -13 -11 -14 -98 0 -72 -94 -9 -23 2 -30 -42 -2 -91 -43 6 -5 -22 -51 -49 -2 -43 -51 -58 -49 -45 -100 -40 -95 -45 -2 0 -52 -68 -29 -57 -12 -25 -4 -44 -65 -35 -93 -65 -10 4 -24
-73 -91 -23 -65 -74 -60 -78 -4 -71 -68 -56 -34 -82 -60 -7 -51 -35 -43 -52 -10 8 -14 -73 -39 -38 5 -74 -73 -89 -96 -93 9 -3 -70 -76 -63 2 -30 -84 -13 -60 -50 -4 -7 -18 -67 -87 -8 -15 -29
-30 -39 -71 -10 -27 -67 -32 -4 -99 -67 9 -7 -66 -85 -13 -29 -59 -21 -6 -42 -88 -52 -98 -48 6 -63 -9 -73 -54 -81 -40 -100 -68 -44 -27 -9 -16 -1 -74 -84 -24 -77 -91 8 -89 -9 -79 -3 -94 -88
-6 -23 -57 -81 -20 -7 -8 -85 -26 -100 -6 -76 -22 -49 -78 -41 -82 -96 -49 -76 -2 -20 -27 -22 -67 -41 -79 -74 -58 -61 -50 -79 -84 -11 -93 -1 -82 -83 -6 -71 10 8 -10 -23 -80 -63 -26 -89 -31 -24
-67 -32 2 6 -39 -9 6 1 -44 -43 -100 -94 -17 1 -73 -89 -39 -63 -96 8 -66 -41 -95 -63 -19 -41 -81 -1 -76 -72 -15 -30 -31 -93 -91 -10 -8 -68 3 -61 -85 -6 -40 -75 -35 -46 -74 -81 -22 -51
-22 -1 -24 -20 -54 -98 -12 -23 -16 -57 -1 -43 -77 -15 -11 -80 -46 -38 -90 -40 -18 -37 -46 -58 2 9 -13 -83 -92 -12 -21 -40 -2 -85 -22 -76 -99 -7 -78 -52 -52 -39 -27 -52 -75 -10 -13 -53 -46 -3
-36 4 -90 -48 -51 5 0 -39 1 9 -98 -18 -98 0 -27 -9 -89 -47 0 -1 -68 -78 -14 7 -28 -87 -67 -85 6 -90 -49 -95 -38 -64 -90 -49 -24 1 -39 -69 -15 -36 -35 -24 -21 3 -8 -68 -77 -69
-36 -21 -69 -78 -69 -85 -86 -93 -75 -87 -10 -22 0 -72 -9 -87 -6 -6 -65 -82 -14 -19 -56 -56 -77 -20 -2 -24 -92 -45 -41 -6 -88 -95 -6 -29 -23 -81 -86 7 -92 -66 -48 -75 -17 2 -80 -47 -19 -81
-65 -31 -65 -18 -81 5 -48 -62 -93 -54 -50 -62 -48 -14 -40 -43 7 -9 -44 -22 -77 -98 -77 -39 -52 -21 -19 -71 -72 -55 -2 -46 -29 -18 -58 -80 -85 -11 -86 -32 -70 -7 -13 -2 -23 -93 -73 -35 -95 -5
-9 -82 -66 -70 10 -62 -33 -9 -57 -66 -34 -23 -5 -69 -8 -7 -56 -8 -31 -86 -32 -58 -66 -10 -96 -1 -43 -48 -61 6 -54 -80 -88 7 -52 -13 -64 -75 -22 -59 -67 -12 -93 -62 -53 -4 -6 -21 3 -100
-2 -42 -40 -77 -2 -59 8 -90 -61 -96 -43 -31 -56 0 -63 -63 -98 -71 -51 3 -84 -5 -61 -45 -34 -13 -72 -36 -31 -28 -36 -9 -61 -11 -38 -45 -44 -81 -75 -79 8 -26 -77 -93 -11 -33 -2 -72 -48 -85
-8 -29 -25 -62 -84 -44 -76 -16 -95 -33 -39 -43 5 -41 5 -30 -74 -66 -34 -78 -66 -64 4 -39 -66 -47 -83 -78 -57 -32 -25 -42 -60 -17 -44 -45 -86 -26 -60 -49 -54 2 -56 -66 -96 -2 -96 -2 -76 -22
7 -7 -22 -45 -53 -61 -31 -68 -22 -49 -95 -27 -24 -23 5 -7 -85 -53 -59 -21 -17 -15 -29 -16 -47 -24 -74 -84 -36 -50 2 -7 -67 -9 -39 -18 -49 -32 -47 -31 -73 -83 -12 -36 -21 -51 -59 1 -40 1
-60 8 -52 -4 -5 -86 -6 -96 -33 -69 -19 -66 -65 -45 4 -39 -23 -23 -90 -88 2 -42 -82 -42 -15 -17 7 -41 -13 -26 -6 -76 -26 -40 -38 -19 -69 -38 -10 -95 -67 -74 -12 -32 -44 -3 -10 -58 -64 -70
-62 7 -93 -95 -52 -33 -81 -57 -45 -10 -99 -89 4 -90 -96 -5 -72 -79 -76 -8 -38 -9 -89 -68 -76 -63 -62 -8 -42 -48 -49 -48 -68 -7 -92 10 -93 -58 -52 -97 -17 -62 -25 -59 -11 -78 4 -10 -49 -99
-53 -26 -84 -99 -62 -75 -66 -89 -59 -81 -20 -67 -7 -32 -50 -52 -63 -12 -45 -94 -15 -7 -41 -91 7 -13 -43 -34 -92 -86 -34 -64 -82 -31 -97 -61 -86 -91 -39 -75 -91 -81 -95 6 -57 6 0 -38 -92 -80
-63 -48 -39 -2 -63 -77 -48 -92 -77 -76 -69 10 -25 -9 -20 -32 -9 -5 -24 -41 -65 -81 -32 -90 -47 -31 -78 -100 0 10 -82 1 -31 -14 -95 -18 -43 -45 -76 -87 -71 -62 -43 -81 -41 10 -95 -21 -13 -1
-6 -32 -48 -97 -99 -30 -46 -49 -24 -67 -45 -63 -18 -75 -26 2 -17 -36 -42 -29 8 -8 -88 5 -78 -83 -38 -18 -26 -23 -81 -43 1 -87 -13 -25 -71 -14 -67 -97 -52 -63 -9 -4 -83 -64 -24 -77 -27 -83
-21 -85 -71 -42 -17 -25 -60 -86 -30 9 -24 -100 -95 -73 -56 -71 -51 -82 -69 -54 -99 -86 -16 -1 -31 -13 -63 -26 6 -29 -25 -50 -68 -40 -97 -5 -22 -74 -51 -49 -30 -89 -50 -98 6 -71 -12 -18 -69 -22
-91 -32 -13 -96 -23 -63 -32 -19 -38 -28 -66 -24 -57 -38 -52 -37 -75 -24 -23 -62 -52 -69 9 5 -28 -87 4 -82 -18 -33 -59 -91 -51 4 -38 -75 -9 -22 -13 -77 -24 -97 -92 -56 5 -41 -28 -3 -94 -48
-68 3 -31 -63 -75 -77 -16 -63 -6 -63 -20 -97 -54 -7 -45 -21 -86 -31 -78 2 4 -73 -53 -75 -29 -40 -48 -67 -50 -64 -34 -14 -15 -8 5 -99 -58 -42 -14 -13 -23 -35 -39 -13 -26 -34 -49 -11 -71 -78
-3 -11 -75 -59 -70 -68 -32 10 -33 -43 0 -55 -63 -44 -26 -60 -84 5 -44 -56 -72 -59 -92 -90 -10 -97 -97 -1 -37 -67 -28 -8 -23 -90 -51 -55 -53 -79 -66 -41 -68 -97 -45 -54 -3 -57 -89 10 -70 -62
-19 -14 -49 -74 -83 -13 -93 -92 -55 -30 -89 -4 -81 -61 -65 9 -69 -67 -7 -45 9 -47 -16 -1 -99 -93 -35 -6 -13 -52 9 -28 3 -9 -70 -66 -98 -52 7 -23 -62 -8 -23 -31 -92 -48 -98 -65 -50 -14
-38 -66 -74 -23 -34 -21 -99 -29 -81 -19 -86 -27 -34 -96 -9 -27 -26 5 -54 -4 -22 8 -33 -18 -69 -4 -9 -99 -83 -58 -11 -89 -53 -96 0 -8 -54 0 -97 -29 -89 -88 -18 -50 -70 -97 4 -11 -8 -19
-64 5 -47 -53 -63 -42 -18 -94 -47 -97 -38 -6 -6 -58 -68 -65 -25 -12 -25 -14 -41 -74 -3 -23 -66 -58 -20 -56 -100 -94 -84 -96 -23 -84 -95 -56 -78 -1 -91 -28 -95 -21 -21 -32 -30 -21 10 -32 -9 -11
9 -96 -89 -10 -10 -70 -32 -81 1 -4 -13 -43 -69 -39 -8 -44 -52 3 -71 -38 -49 -26 -30 -80 -21 7 -10 -75 -83 -24 -5 -44 -28 -45 0 -43 -23 -44 -65 -48 -79 8 1 -91 -17 -100 -60 -75 -6 -9
-44 -85 -41 -94 -97 -3 -33 -47 -38 -65 -54 -62 -33 -67 -67 -3 -14 -35 -15 -88 -32 -89 -71 -40 -80 -39 -97 -12 9 -69 -14 -6 -79 -66 -21 -84 -55 1 0 -30 -64 4 -65 -47 -55 -77 -1 0 -13 -67
4 -65 -30 -98 -44 -40 -90 -73 -46 -25 -63 -93 -33 -88 -92 -32 -38 -63 3 -81 -21 -68 -8 -4 -31 -52 -3 -85 -28 -1 -56 -80 -91 5 -2 -84 -11 -2 -65 -3 5 -25 -17 -14 -80 7 -100 -70 -62 9
-64 6 -4 -63 -29 -31 -68 -91 10 -74 -97 -68 -99 -64 -54 -90 -58 -72 -42 1 -88 -12 -19 1 -32 -98 -54 -8 -39 -80 -39 -74 -14 -47 7 -79 -2 -14 -72 9 -27 -93 -10 -13 -23 -26 -88 -94 -72 -53
-6 -34 -95 -29 -86 -77 -30 -36 -41 -82 -58 -15 -5 5 -37 -22 -81 -17 -4 -69 -29 -24 -15 -81 -31 -58 -37 2 -25 -53 10 1 -46 -59 6 -95 -62 4 -13 -29 -75 -47 -34 -11 -29 -41 -31 -41 -48 3
-22 -43 -67 -20 -70 -90 -10 -88 -29 -32 -85 -14 -18 9 -74 -74 -100 -39 -22 -54 -4 -95 -88 -63 -89 -96 -22 -27 -74 -33 -29 9 -70 -5 -16 -94 -43 -57 -14 -52 -70 -89 -64 -25 -36 -70 -61 -10 -2 -30
-62 -79 5 -31 -66 -63 -27 -69 -100 -82 -8 -60 -46 -6 -88 2 -5 4 -81 -6 -95 10 -71 -5 -83 -16 -71 -90 -17 -90 -43 -8 2 -70 -16 -23 -91 -21 -36 -25 -4 -43 -39 -12 -2 -70 -53 -48 -18 -31
-100 -23 -57 -27 -3 -10 -87 -76 -58 6 -55 3 -41 10 -44 -63 -70 -3 -66 -64 4 8 -9 -74 -61 -30 3 -84 -25 -90 -23 -74 -41 -44 -24 -49 -69 -63 -60 -69 -90 -49 -2 4 7 -51 -22 -15 -26 -88
-45 -94 7 -45 -11 -74 10 -71 -17 -42 -66 -60 -43 -16 -38 -70 -49 -35 -59 4 -39 -17 6 -82 -16 -9 -41 -1 -91 -30 -56 -60 -3 -39 -15 2 -24 -74 -61 -68 9 -36 -94 -39 -19 -51 -24 -75 -8 -51
-26 -99 -100 -7 -12 -25 -42 -18 -73 -79 -35 -68 -12 -83 -64 -31 -14 -61 -39 -13 6 2 -5 5 -17 -41 6 -63 -10 -88 -18 -65 -81 -26 -77 9 2 -22 -87 -48 -80 -67 5 -24 -94 10 -20 -89 -55 -64
3 -77 -17 -77 -23 6 -70 6 -3 -93 -94 -32 10 -81 -61 -27 -58 -43 -83 -57 -52 -13 -38 -36 -69 5 -25 -70 -67 -13 -65 -37 -83 -6 -85 -69 -80 -44 -96 -83 -81 1 -39 -51 -68 -10 -20 -19 4 1
-93 -98 -15 -93 -33 -20 -7 -47 -90 -92 -10 -90 -45 -88 -98 -93 -98 -27 -29 -65 -68 -22 -16 -8 -76 -4 -36 -31 -72 -10 -9 -8 -76 -13 -90 -72 -96 -84 -77 -61 -25 -80 -56 -89 -3 -91 -39 5 -38 -100
-26 -9 -31 -70 -14 -50 -68 0 -25 -100 -16 -1 -69 4 -79 -44 8 -100 -47 -97 2 -15 -4 -35 8 -92 -99 -24 -71 -56 -26 -71 9 -8 -81 -80 -14 -35 -5 -30 -93 -47 -29 -34 -46 -74 -1 1 -93 -70
-7 -71 9 -75 -100 -33 -55 -97 -54 -12 -63 -4 -63 -62 -57 -9 -99 -38 -79 4 -56 -63 -26 -60 -6 -81 -45 -75 -73 -96 -95 -98 -18 -52 -62 -63 -87 -89 -79 -25 -38 -11 -74 -69 -26 -24 -41 -68 -81 -78
-38 -42 -7 -59 -56 -83 -79 -47 -20 -91 0 -77 -94 -34 -100 -70 -60 -48 -55 -75 -47 -18 -38 -39 -10 -88 2 -25 -27 8 -32 10 -83 3 -79 -90 -87 -29 -6 -29 -40 -93 -70 -36 -28 -19 -40 -31 -25 -47
50 25
-98 1 -11 -24 -34 -18 -94 -61 -96 -7 -62 -65 -84 -96 -76 -80 -56 -19 -44 -67 -46 -80 -85 -9 -42 -13 -26 -68 -15 -11 -25 4 -9 -85 -62 -85 -13 -55 -100 -48 -31 -95 -61 -36 -41 -5 -9 -55 -67 -66
-53 -44 -75 -43 -46 -61 -85 -53 -34 -72 -80 -25 -48 -61 -23 -19 -81 -43 -57 -28 -30 -5 -49 -53 -71 -71 -60 -76 -80 4 -94 -80 -53 -21 2 -96 -40 -17 -59 -26 -72 -31 3 -77 -24 -15 -23 -34 -99 -77
-10 2 -71 -67 -11 -26 -10 -45 -41 -42 7 -89 -79 -80 -80 -43 -97 -86 -57 -39 -46 7 -42 -14 -70 -32 -56 -66 -3 -98 -81 -35 -95 -39 -58 -67 -63 -17 -77 -39 -78 -7 -77 -58 6 7 -40 -45 -65 -44
-31 -68 -76 -64 -80 -34 -38 3 -77 4 -96 -60 -86 -6 -95 2 10 -65 -57 -41 4 -62 -67 8 -86 -89 -59 -51 -45 -45 2 -48 1 -99 -50 -48 -79 -94 -83 -60 -24 -92 -80 -23 9 -21 -50 -62 -3 -58
-39 -37 -19 -12 -2 -46 -70 -68 -20 -11 -18 -91 -93 -62 -92 -9 -48 -27 -94 -18 3 -27 -52 -14 -66 -58 -94 -25 -55 -74 -14 7 -30 -37 -73 -5 -92 -3 -53 -81 -50 -64 -25 -8 -40 1 -16 -88 -45 -74
-1 -78 -47 -47 -99 -36 1 -49 -89 7 -6 -99 1 -30 -85 -52 -45 10 5 -99 -54 -63 8 -2 -93 -18 -72 -36 -5 -38 4 -4 -76 3 -85 -71 -30 -40 -97 -21 -90 -69 -98 -4 7 -17 -44 -19 -46 -91
-71 -66 -27 -78 -88 7 -62 -69 -99 -28 -62 -7 -92 -48 -82 1 -10 -91 3 5 -100 -2 -61 -41 -71 10 -80 2 -5 -95 -40 -33 -50 10 -61 -65 -30 -31 -69 -22 -8 -99 -38 -55 -31 -42 -100 -29 -50 -59
-13 -84 -28 -6 -10 3 -55 -51 -42 -83 -80 -72 -50 -60 -2 -75 -35 -98 -64 -29 -51 6 -89 -27 -7 -91 -17 -91 -18 -66 -37 -78 -52 -63 -73 -88 8 -46 -74 -92 -73 -14 -26 -45 -83 1 -35 -98 -34 -86
-27 -45 -14 -74 -8 -6 -20 -81 -2 -96 -94 -65 -65 -2 -57 -23 -25 2 -58 -28 -83 -36 -59 2 -1 -84 7 -28 -99 -36 1 -6 -72 -56 -87 -76 -13 7 -91 -84 -100 -95 -51 -7 8 -39 -75 -97 -49 -44
1 -7 0 -44 -97 -60 -31 -71 -38 -5 -63 -10 -55 -72 -7 -61 -93 -40 -36 -98 -80 -91 -7 -33 -42 -27 8 -15 -5 -79 -62 -69 -48 -94 -5 -34 -69 -45 -19 -44 1 1 -86 -83 -52 -22 1 -63 -20 2
-31 -17 -17 -36 -2 -66 -77 2 -4 -20 -58 -22 -30 -33 -16 -12 -35 -65 -15 -93 -80 -40 -32 -17 2 -73 7 10 7 -85 -63 -71 4 -37 -36 -38 -100 10 -87 -37 -88 -78 -65 -46 2 5 -30 -33 1 -29
-91 -66 -19 -77 -24 -7 -63 4 -21 -83 -91 -8 -41 -63 -21 -87 -47 6 -59 -44 -49 -62 -28 -15 -61 -74 -72 7 -37 0 4 -23 -90 -34 -99 -23 -70 -76 -77 -87 -4 -32 -77 -76 -64 -73 10 -73 6 -56
-44 3 -34 -82 -80 -61 -86 -43 0 -18 -38 -45 -16 -60 -97 -46 -53 -32 -18 -99 -74 -63 10 -2 -48 -84 -89 -77 -53 -22 -43 -62 -25 -21 9 1 -14 -23 -49 -17 3 -80 -92 -94 -68 -22 9 -85 -79 -55
-4 -3 -63 -58 -53 -69 0 -90 -33 7 -15 -93 -30 -9 -44 10 -48 -26 -22 9 -100 -72 -96 -53 -2 -93 0 -13 -82 -54 -12 -49 -20 -73 -13 -19 -54 -62 -83 -72 -27 -85 -76 -67 -73 -36 6 -79 -31 -81
-74 -8 -26 -63 -100 -98 -82 -67 -9 -71 -3 -11 -26 -9 -3 -66 -72 -92 -82 -74 -89 -9 -54 -51 -15 0 -68 3 6 -43 -30 -62 -62 8 -84 -70 -5 -53 -50 -100 -45 4 -99 -1 -85 -40 -11 -6 -2 10
-42 -92 8 -32 -27 -97 -6 -95 -53 -56 -64 -51 -84 -29 -48 -42 -79 7 -24 -68 -30 -49 -43 -98 -80 -57 -98 -50 -39 -65 -31 5 -16 -94 -71 -18 -56 -78 9 -40 -8 -11 -8 -65 -17 -45 -63 -93 -67 -3
-59 -77 -28 -71 -6 -91 -60 -82 -85 -1 8 -10 -97 -81 -36 -46 -58 -34 -46 -38 9 1 -10 -44 -6 6 -68 -74 -95 0 -17 -65 -100 5 -76 -73 -27 -88 -5 -10 -13 -70 -21 -84 -60 -56 -97 -53 -10 -19
-58 -6 -37 -70 -50 6 -47 -39 -21 -23 -45 -2 7 -40 -53 1 -15 -8 -14 -98 -42 -97 -29 -100 5 -13 -93 -49 -54 -81 -66 -28 -93 -88 -89 -99 4 -97 -41 -31 5 -25 -11 -94 -32 -39 -94 -79 -95 -47
-12 -63 -56 -91 -90 -67 -64 -42 -56 3 -34 -30 -21 -42 -62 -58 -88 -54 -49 -77 -95 -31 -6 10 -66 -57 -48 -58 -13 -70 -73 -57 -14 -74 -96 -22 8 -67 -94 -57 -47 -30 -31 -93 -66 8 -37 -79 -4 -2
-70 -75 -91 -16 -30 -16 10 1 2 -28 -26 -77 -62 -62 -62 -50 -80 -63 -56 -3 -4 -54 -53 -84 -66 -96 -62 -22 -51 -88 -19 -63 -92 8 -54 -1 -66 -42 -48 -58 -100 -15 -92 -94 -65 -55 9 3 -63 -4
-67 -3 -76 -54 -17 -36 -90 9 -34 9 -59 -43 -62 -75 -59 -17 -20 -47 -2 -64 -73 -44 -23 -98 -59 -96 -36 -97 -53 -4 -62 -35 -45 -50 -80 -88 -25 -57 -36 -67 -35 -20 -45 -5 -94 -34 -12 -12 -39 -83
-71 -55 7 -48 -99 -15 -85 4 -74 -4 -68 -37 -36 -9 -18 6 -39 -21 -28 -63 -40 -43 4 -15 -80 -44 -15 -23 -18 -86 -26 -82 -88 6 -77 -10 -8 -26 -77 6 -62 -91 -99 10 -30 -11 -40 -94 -88 6
-18 -68 -84 -9 -43 -13 -78 -100 -95 -54 -23 -96 -17 0 -30 -98 -61 -52 -14 -44 -1 -6 -87 -55 -47 -21 -97 -38 -61 -51 -38 -27 -85 -8 1 -76 -59 8 -54 7 -83 -49 -9 -80 -70 4 -78 -96 -11 -42
4 -9 -34 -94 -90 -80 -71 3 -69 -16 -57 -47 -10 -38 -84 -97 -75 -42 -34 -27 6 -74 -6 -32 -29 -57 -56 -76 -45 8 -67 -4 -60 -100 2 -4 -15 -63 -32 -34 -30 -98 -73 -78 -1 -60 -69 -40 -72 -78
9 -35 -36 -72 -12 -35 -57 -71 -23 -86 -5 -66 -84 -60 -56 -42 -71 -91 -84 -63 -25 -62 -25 -98 -67 -43 -58 -44 -85 -68 -64 -100 10 -96 -76 -60 -3 -47 -81 -11 -70 -33 -31 -30 1 -28 0 -20 -90 -80
-19 -55 -60 -20 -26 -56 -20 -46 -83 -100 -93 -26 -68 -89 -84 -5 -49 -83 -35 -85 -86 -86 -5 -17 -83 -10 -13 -79 -79 -54 -3 -92 -55 -48 -27 9 -37 -51 6 -95 -26 -33 -96 -17 -80 -52 -82 -77 1 -45
-67 1 -59 -75 -78 -30 -78 -94 -48 -38 -89 -91 -5 1 -18 -53 -47 -82 -46 6 -54 -44 -21 -93 -7 -19 -13 -46 6 -40 -41 -1 -25 -27 -82 -23 -47 -57 -77 -81 -68 -56 -76 -4 -8 -58 -79 -4 1 -43
-31 -7 -27 -78 -82 -83 -60 -4 -67 -41 -17 -43 -25 -30 -92 -26 -27 -40 -35 0 10 -48 -57 -28 -91 -87 -76 -79 -15 9 7 -30 -65 1 -100 -15 -93 -84 -68 -20 -47 -21 -6 -95 -42 -33 -97 -65 -21 -65
-81 -92 -51 -25 10 -78 -58 -26 -50 -72 -68 -67 -85 -79 -78 -65 -70 -17 -98 7 -56 -16 -45 -11 -58 -81 -2 -21 -22 -36 -86 -38 -63 10 -49 -40 -86 -100 -16 -60 -100 -44 -39 -5 -4 -56 7 -52 -3 -81
-43 -9 -13 -49 -83 -65 -53 -1 -56 -48 -85 -8 -42 -24 -74 -75 -34 -30 6 10 -85 -77 -9 -48 -70 -25 -43 -78 -87 -86 4 -66 -73 -49 7 10 -13 0 -26 -92 -76 -47 -82 -58 -50 -5 -67 -50 -73 -19
-85 -89 -70 -95 -28 -7 9 -86 -92 3 -35 -31 -68 -16 10 -50 -51 -41 -69 -79 -39 -84 -92 -59 -40 -50 0 -90 -92 -62 -80 -41 -17 -3 -29 -7 -44 -55 1 -37 -58 -47 -72 -81 -26 -2 -91 -78 -61 -9
-51 -2 -21 -8 -75 -82 -28 -99 6 -44 -58 10 -89 -78 -85 -56 -77 -23 8 -74 -78 -27 -3 -28 9 -12 -57 -67 -29 -67 -3 -60 -65 -56 -29 7 -47 -32 -52 -90 -29 -90 -24 -31 -99 -96 -64 -46 -52 -41
-75 7 -78 -79 3 -26 -12 -28 -49 5 -50 -95 -3 -76 -36 -22 -90 -54 -38 -26 -78 -79 -46 6 -38 -59 6 -6 -48 -74 1 -26 -22 -49 -71 -46 -52 5 0 -18 -49 -93 -67 -86 -82 -49 -10 -34 -38 -15
-37 -53 -58 -29 -95 -57 -94 -67 -85 -11 5 -48 -40 4 -32 0 -97 -76 -99 -71 -29 -85 -83 -78 -68 -24 -48 -82 -56 -52 -22 -35 -98 -98 -64 -97 -5 -42 -37 -88 -83 -71 -71 -74 -18 5 -89 -58 -37 0
-3 -53 -26 -35 -83 10 2 -19 -51 -49 -51 -56 -24 -74 -10 -49 -56 7 -24 -72 6 -31 -8 -96 -54 -66 -93 -79 -56 -88 -67 -43 2 -49 -26 -26 -48 -89 -75 -43 -54 -77 -60 -95 -43 -97 -95 -80 -60 7
-35 -31 -4 -67 -18 -27 -29 -42 -48 -48 9 -23 -7 -39 -14 -35 -55 9 -9 -39 -90 -67 -64 -65 -96 -98 -64 -38 -12 -88 -57 5 -10 -83 -35 -18 -40 -60 -93 -30 -77 9 -66 -81 -37 -94 -23 -27 -2 -87
-30 -12 -15 -11 -75 -57 -4 -73 -28 -2 9 -68 -72 -65 -97 -24 -20 -62 -47 6 -28 -30 -66 -17 -92 -32 -60 -46 -54 -35 -84 -41 -57 -40 8 -17 -63 -24 -49 -82 -10 -39 -21 -34 -57 -69 -22 -91 -41 -64
-7 -92 2 -81 -28 -94 -89 -60 -49 -41 9 -90 -79 -6 -79 -72 -81 -87 1 -94 -88 -28 -95 -4 -59 -11 -92 -90 -33 -92 -54 -78 -51 -16 -81 -55 -11 -15 -81 -53 -37 -3 -12 0 -92 -83 -3 -40 5 -20
-72 -34 -48 -36 -51 -69 -33 -69 -80 -3 -80 -35 -25 -13 -42 -35 -68 -1 -30 -53 -59 -90 7 -84 -24 -41 -41 -25 -63 5 -6 -45 -55 -90 -31 -35 -62 -63 -38 -48 5 -30 -9 -29 -55 -23 -61 -3 -50 -53
-32 -82 -74 -35 -47 -8 -84 -40 -47 -6 -80 -45 -48 -54 -16 -4 -49 -39 -83 -89 -47 -1 -10 -62 -14 -56 -75 -45 -3 -79 -83 -24 -89 -55 -73 -28 1 -32 -13 -70 -44 -54 -86 -3 -98 -71 -33 -53 -20 -26
-73 -63 10 -48 -66 -88 -73 -61 -58 -48 -27 -89 -73 -49 -32 -34 -29 3 -87 -36 -99 -37 -75 -37 7 -35 2 -51 -5 -78 -15 -2 -78 -51 -38 10 -94 -7 -31 8 -49 -53 -52 -20 -66 9 -89 -85 -82 -19
-79 -93 -23 -94 -23 -70 -43 -68 -66 -100 -68 -4 -15 -58 -78 -47 -92 2 1 -23 -100 -98 -3 -64 -14 -10 -83 -98 9 -99 -49 9 -8 3 -38 -79 -68 -36 -64 7 -95 -11 -76 -51 -45 -98 -44 -27 10 -40
-97 -9 -16 -6 -40 -86 -15 -65 -4 -86 -4 5 -1 -19 -82 -9 -75 -87 -3 -44 -54 -64 -85 -8 -55 -34 -14 -68 -85 -28 -7 -19 -4 -35 -21 -66 -25 -68 -62 -52 -15 -9 -100 -13 -4 -95 -30 -91 -61 -88
-75 -59 -73 -98 -35 -18 -90 -28 -12 3 -7 -55 -84 -86 -67 -43 -74 -77 -21 3 -83 -42 -24 -91 -50 -65 -35 -55 -17 -15 -66 -72 3 -8 -59 -52 -54 -10 -43 -20 -52 -46 -41 -40 -60 -55 -79 -39 -71 -56
-10 -46 -30 -82 -17 -38 -94 -36 -16 -82 -35 -14 -40 -34 10 -36 -18 -26 -92 -49 -73 -22 -1 -62 -59 -57 -35 -79 -44 -65 -3 -93 -15 -70 -64 -73 -79 -9 -39 -45 -38 -63 -49 6 -33 -25 -13 -42 -100 -7
-52 -4 -97 -22 -30 -100 -99 -80 -65 -66 -16 7 -83 1 -42 -12 -64 -60 -63 -36 -24 -53 -3 -23 -98 -24 8 -30 8 -19 -31 -50 -73 -35 -21 -59 -77 -2 -10 -15 -24 -2 -100 -87 -57 -63 -79 -42 -57 -29
-70 -62 5 -27 -52 -54 -12 -6 -72 -36 -1 -64 -45 -75 -52 -36 -69 -7 -80 -43 -74 8 -15 -64 -16 -57 -5 -72 -57 9 -89 -41 -20 -21 5 -2 -12 -72 -7 -39 -37 -84 -54 -69 -42 -97 -29 -72 -96 -99
-36 -12 -90 -68 6 -8 -48 -52 4 -31 -39 0 -1 -68 -13 -69 8 -3 3 -11 -91 -44 -82 -72 -7 4 -2 -14 -18 -83 -93 -38 -36 -76 -64 -74 7 -56 6 -32 -79 -7 -41 -11 -5 -62 9 0 7 -42
-12 -37 -42 -84 -34 -28 -44 -18 -16 9 -73 -20 10 -89 -34 -3 -30 -3 -74 -26 7 -5 -85 -70 -23 -2 -64 3 -10 -4 -65 9 -10 -38 -53 -19 -29 -36 -92 -5 -34 -27 -19 -10 -64 -32 7 -85 -98 -6
-41 -80 -56 -45 -26 -3 -87 -21 -18 3 2 -88 -96 -29 -40 -100 -93 -45 -30 9 -19 -5 -44 -58 -65 -83 -77 -24 -10 -22 -14 -11 -47 -41 -83 4 -31 -77 -89 -91 -94 -79 -42 -57 -63 -70 -8 4 -39 -26
50 26
-79 4 -46 -88 -76 -37 -8 -29 -16 -27 -92 -15 -16 -6 -47 -4 7 2 -95 -56 -90 -87 -95 -91 -100 -40 -88 -43 3 -61 -3 -3 -30 -79 -34 -45 -94 -69 -31 -40 9 -17 2 -47 -47 -98 -43 -23 -16 4
-42 10 -27 -16 7 -17 -31 -55 -10 -26 -51 -50 -31 6 -60 -20 -91 -5 -29 -26 -40 -44 -93 -91 -89 -61 -72 -18 -98 -40 -73 3 -78 -84 -75 -39 -37 -99 -16 -61 -81 -80 -68 -74 -60 -46 -16 3 -94 -75
-70 -67 -67 -46 -4 -58 -74 -49 -61 -71 -40 -77 -62 -92 -29 -18 -13 -64 10 -23 -19 5 3 -28 -100 -38 -94 10 -66 -93 -16 -60 4 10 -90 -4 7 -34 -9 -88 -62 -82 -94 -77 -83 -27 -12 -29 -82 -71
-40 -96 9 3 -40 -29 1 -79 -92 -96 -44 -98 -7 -85 -24 -21 -99 -45 -59 -49 -28 -33 -32 -98 -56 -90 -66 -17 -60 -50 -2 8 -64 -17 -14 -57 -19 -58 -53 -11 -6 -86 -55 -80 -10 -86 -4 -48 -91 8
-38 -69 -25 -30 -29 -3 -82 -19 -68 -76 -3 -74 -64 -51 -4 -91 -72 4 -51 -22 -25 -47 -43 -15 -48 -17 -82 -94 -17 -88 -91 -96 -29 -6 -84 -24 -87 -71 -61 -77 -88 -43 1 -10 -42 -29 -11 -9 -98 -29
-77 -52 -90 -14 -14 -49 -6 -94 -51 -30 -67 -54 -26 -43 -49 -45 9 -97 -56 -58 -75 -86 -94 -25 -55 -32 -60 -36 -38 -78 -28 -59 1 -97 -89 -28 -32 -41 -53 -87 -5 -90 -62 4 -6 -51 -10 -35 5 -73
-37 -11 -40 2 2 -92 -7 -80 -24 10 -30 -67 -74 -19 -36 -22 -95 -35 -71 -61 -73 -36 -51 -39 -29 -48 -37 -39 -86 -24 -31 -72 -51 -10 -96 -48 -99 -81 -25 -15 -6 2 10 -34 -53 -2 -76 -51 -39 -80
-68 -86 7 -61 -36 -87 -32 -98 -43 -28 -27 -68 -82 -47 -9 -21 -25 -80 -55 -32 -82 -40 -48 -20 -97 -73 -55 -36 -65 -62 -92 -76 -61 -22 -55 8 -28 -8 -85 -82 -28 -98 -86 -75 -79 -57 -55 -51 -36 -93
-82 -95 8 -98 -61 -28 -94 -40 -68 9 -26 -4 -53 -48 -70 -65 -51 -32 -95 -58 -33 -74 5 -100 -50 -89 -61 -31 -97 -18 -13 -18 -48 6 -7 4 -1 -66 -95 -9 -35 -8 -2 -87 -15 4 -74 -4 -96 -68
8 -69 -39 -56 -59 -64 -82 -42 -91 -76 -81 8 -79 -91 -18 -29 -52 -27 -55 4 -78 -21 -77 -85 -100 -91 -8 -80 -71 -78 -32 -50 -44 -83 4 -71 -65 10 -96 -73 -21 -27 -91 -92 -47 -51 -10 -61 -4 -28
-50 -49 -62 -98 -10 -62 -11 -26 -77 2 -10 -35 2 -15 -12 -88 -97 -47 -2 -52 -31 -59 -84 10 -87 -23 2 -95 -76 -94 -31 10 -28 8 -21 -94 1 -1 -89 -35 -21 -75 -71 -50 -26 -73 -54 -9 -49 -88
-87 -74 -26 -64 -24 -63 -53 -73 -57 -39 -51 -82 -71 -14 -18 -58 -70 -82 -50 5 -10 -21 -12 -92 -14 -17 -63 -78 -66 -37 -85 -70 -41 -44 5 -73 -18 -76 -57 -98 -15 -85 -36 -78 -91 -51 -28 -93 -31 -81
2 10 -22 -27 -58 -17 -82 -53 -52 -58 -70 -3 -88 -91 -67 -79 3 -5 -13 -95 -7 -89 -57 -11 -19 -45 -4 -92 -68 -8 -5 -49 -91 -68 -4 -36 -35 -55 3 -46 -17 -22 9 -76 2 -85 -60 -75 -98 8
-79 -13 -90 -28 -24 -63 -96 -82 -37 -4 -2 -92 -80 -22 -98 -49 -32 -93 -4 -57 -88 1 -47 -39 -78 -17 -23 -74 -86 -60 -65 -25 -95 -56 -25 -71 -46 -88 -3 -76 -36 -53 -43 -34 5 -33 -25 1 -69 8
-49 -13 -58 -91 4 -20 -74 -9 -36 -82 -21 -96 -36 -16 -17 7 4 -13 -82 -48 -65 3 1 -43 -79 -13 -83 -80 -94 -19 -88 -67 7 8 -62 -7 -39 -1 -95 -25 -48 -34 -33 -9 -86 -55 -93 -1 -25 -23
-67 -21 -91 -90 -73 -78 -48 -33 7 -99 -100 -83 -96 -51 -54 -82 7 -55 -97 -74 -28 -99 -96 -96 -92 -55 -93 4 -44 -90 -23 -10 1 -19 -11 -6 -63 -33 -2 -7 -100 -94 -93 -27 -74 -100 -21 -75 -56 -29
8 6 -41 9 -49 -63 2 -61 7 -15 -54 -86 7 -15 -24 -11 -30 -75 -24 -28 -45 -70 -82 -11 -40 -89 -61 -89 -20 1 -21 -51 -60 -51 -15 -3 -84 -88 -73 -32 -22 -25 7 -9 4 -73 -59 -49 -9 -58
-57 -11 -26 -32 -20 -55 -95 -5 -34 -28 -20 10 -22 -50 -34 -16 -98 -87 -27 -87 -97 -46 -17 -84 -94 2 -58 -80 -41 -92 -60 -44 -33 -46 -47 -16 3 -21 -23 -51 -28 -45 -89 -48 -1 -45 -88 -49 -10 -94
-78 -84 -37 -62 -38 -68 -11 -84 -86 -44 2 -78 -5 -31 -71 -49 -50 7 -28 -93 -48 -49 -50 -82 -68 0 -77 -90 -89 -56 -39 -27 1 -5 -9 -6 -33 -55 -43 -47 -66 -13 -33 1 -91 -4 -77 -42 -83 4
-29 -1 -36 -44 -84 -48 -40 -91 -85 -52 -4 -66 -64 -30 -30 -10 4 -54 -35 -27 -34 -95 -35 -13 -30 6 -11 -63 -45 -56 -43 -41 -39 -41 -38 -47 -35 -60 -73 -28 -59 -54 -5 -20 -32 -98 -6 -19 -17 -57
-91 -47 -24 -99 -54 -72 -80 -48 -66 -52 -91 -72 -95 -35 0 -24 -41 -13 -15 -83 -15 -43 -67 -73 -78 -95 -27 -82 -86 -75 -45 -45 -94 -24 -3 3 -56 -75 -98 -38 -85 -29 -39 -45 -1 -77 -18 -95 -29 -74
-14 -36 -17 -52 -89 -71 -60 -52 9 -78 -75 -59 -28 -73 -7 -66 -44 -97 6 -38 -72 -76 -68 -38 -84 -17 -96 7 -19 -59 -33 -36 -38 -84 -87 -14 -9 -87 -77 -22 -46 -87 -81 -67 -53 2 -32 6 -81 0
1 -76 0 -66 -45 -63 -18 -6 -9 -35 -13 -66 -56 -37 -81 8 2 -58 -28 7 -99 -31 -58 -40 -73 -10 -51 -67 -36 -22 -75 -28 -25 -61 -84 -60 -48 -20 -15 -46 -64 9 -21 5 10 -6 -87 -59 -24 -69
-97 -79 -2 -11 0 -92 10 -9 -1 -17 -82 -79 -13 -92 -37 -45 -64 -50 -99 -47 -61 -12 1 -74 -49 9 -38 -59 -100 -95 -20 -21 -95 5 -4 -78 10 -100 -89 -52 -42 -15 -54 -91 -20 -65 -58 -80 -30 -56
-69 -89 -43 -35 -21 -74 -50 -59 -90 -62 -40 -5 -61 -6 10 -15 -35 -62 -37 -27 -10 -34 -47 -24 -14 -29 -13 -24 -81 -52 -19 -68 -13 -50 -94 -52 -43 -14 -26 8 3 -9 -68 -46 6 -61 -64 -34 -63 -92
-26 3 -83 7 -60 -63 -7 -37 -4 -62 -56 -42 -37 10 2 0 -32 -49 -20 -38 -41 -5 -46 -88 -7 -19 -8 1 -11 -28 -50 1 -82 -82 -25 1 -82 -45 -27 10 -43 -65 -10 -24 3 5 -53 -24 -16 8
-23 10 -50 -14 -55 -78 -8 -19 -10 -70 -92 -33 -81 -55 -60 -73 -34 -98 -95 -72 -72 -86 -81 -99 4 -98 -95 -9 -15 -87 -50 -60 -61 -90 -35 -18 -56 -25 -7 -38 -62 -75 -78 4 -29 -65 -89 -61 1 9
-95 -40 -11 -24 -11 -25 -70 -58 9 -22 -52 -92 -71 -61 1 -25 -96 -42 6 -5 -7 -34 -54 -72 -37 -74 -13 1 -71 -26 -86 -33 -39 -35 -54 3 -90 -16 -27 -78 6 -16 -74 -60 -28 -63 -70 -34 -11 -49
-39 -44 -18 -61 -8 -38 -30 -79 -70 -76 -50 -97 -51 -51 5 -53 -13 3 -77 -86 -73 -70 -53 -60 8 -2 -10 -61 -19 -1 -4 -86 -22 -80 -64 -88 -37 -48 -93 0 -34 -12 -62 -42 -24 -94 -68 -13 9 -32
-50 -35 -30 -7 -29 2 -69 -76 -78 -13 -26 -26 -27 -91 -70 6 2 -56 -98 -39 -48 -38 -20 -50 -72 -15 -74 4 -97 -37 -2 -57 7 -91 -100 -22 5 -26 -81 -85 -25 -56 -47 -82 -2 -52 -94 6 -100 -33
-36 -34 -4 -60 -90 -87 -44 2 -86 -77 -93 -85 7 -18 -44 -64 -66 -53 -30 -23 6 -76 -74 -78 -57 -62 -27 -13 4 -20 -67 -40 -93 10 -27 -94 -100 -3 -11 -11 -19 -86 -92 -57 -7 9 -75 -80 0 -100
-17 -77 -79 -36 -9 -33 -47 -36 -79 -30 -27 -82 -24 -87 -40 -43 -7 -24 -37 -31 -16 -75 -1 -57 2 -48 -47 9 -69 -90 1 -47 -7 -70 10 -45 -76 -32 -70 -57 -15 -15 -39 -3 -29 -59 -33 -9 -16 6
-8 -15 -1 -77 -3 -23 -92 -38 -77 -51 -91 -31 -82 -94 -78 -44 -95 -83 -53 -42 -7 -19 -3 -78 -40 -41 -77 -19 -4 -99 -23 -22 -64 -17 -93 -55 1 -70 9 -94 -51 -43 -81 -81 -76 -60 -76 -95 -70 -39
-27 -76 -84 -13 -85 -35 -47 -76 -72 9 -53 9 -77 -6 -35 -11 -52 -68 -1 5 -63 -36 -89 -3 -50 -92 -33 -23 -36 0 -37 2 -40 -19 -8 -5 -25 -57 -32 -45 -8 -23 -70 -46 -67 -26 -19 -23 2 -56
-48 -6 -39 -9 -42 -1 -23 -77 -94 -96 -13 -99 -41 -91 -57 -97 -73 -20 -23 -30 -74 -40 7 -71 -69 -89 7 -19 -5 -37 -11 -2 0 -72 -7 -84 -97 -98 -85 -2 -56 -29 -57 -16 -4 -71 -33 -24 -15 -98
-67 -70 -93 -60 -52 -60 -23 -4 -26 -82 -18 -32 -11 -16 -72 -8 -40 5 2 1 -74 -67 -42 -27 -27 -83 -39 -72 -69 -95 -51 -76 -12 -92 -41 -15 -62 -52 -79 -39 -22 7 -80 -47 -51 -39 -12 -16 -36 -62
-16 -63 -6 -89 -33 -22 -83 -12 -98 -16 10 -60 -12 -40 -68 -26 1 -94 -85 -97 -65 -4 -16 -31 0 4 2 4 -97 -10 -66 -37 -100 -37 -20 -31 -51 -56 -62 -13 -71 -8 -24 -10 -79 -85 -16 -77 -39 -96
-67 -37 -76 -22 -45 -56 -51 -61 -22 -13 -33 -56 -67 -97 -55 -58 -12 -94 -22 -2 -77 -60 -61 -72 -52 -40 -84 -5 -31 -95 -72 -38 -99 -57 -11 -47 -3 -73 -76 -62 -2 -65 -81 -100 2 -5 -6 -60 -1 -72
-15 -95 -39 4 -85 -10 -88 -15 -46 -35 -20 -14 -57 -99 -47 -54 -94 -16 -58 -83 -76 2 -54 -36 -68 -23 -62 5 -19 -68 -35 -42 -61 -12 -77 -42 -64 -55 -33 -39 -63 -23 -95 -93 -62 -39 -86 4 -37 -82
-65 -43 -97 -91 -91 -77 4 -24 -39 -87 -77 -90 -67 -57 -27 -27 -26 -21 -22 -56 -4 2 -46 -100 -12 -37 -70 -56 -71 -85 -47 -69 -12 -60 -80 -18 10 -11 -16 -43 -63 -57 -7 -47 -53 -8 -30 -53 5 -44
-3 -33 -67 -67 4 -27 -61 -64 -66 -24 -31 -13 3 -64 -2 -81 -5 -55 -23 -46 -47 -77 -84 -62 -96 -15 -44 -28 -8 -58 -5 -70 -99 -5 -93 -91 -48 -39 2 -53 -37 -12 -57 9 -37 2 -55 -42 -20 -77
-74 -57 -87 -57 6 3 8 -55 -69 -43 -83 -57 -44 -97 -62 -54 -33 -85 -63 -10 -43 -100 -68 -11 -54 -64 -20 -47 6 -7 -91 -71 -54 -2 10 -3 -43 -58 -58 8 -39 3 -32 -57 -38 -86 -65 -85 -25 -95
-46 -29 -3 -38 6 -13 -98 -91 -87 -7 -72 -47 4 -55 -99 -49 -35 -23 5 -8 -25 -87 7 -35 -80 4 9 -100 -38 -77 -99 -69 -15 -75 -48 -87 -53 -18 -37 -61 -90 -96 4 -64 -93 -3 -2 -93 -43 -96
-88 -52 -41 -62 -32 -6 -89 -52 -61 -39 -14 -43 -52 -92 -97 -21 -85 -63 -3 -34 -77 -66 -51 -92 -35 4 -49 -13 -16 -50 -75 -17 -83 -16 -84 -70 -4 -2 -77 -35 -83 -5 1 -14 -44 -93 -32 -51 -66 -91
-90 -43 -1 -6 -52 -88 -40 -95 -12 -38 -19 -90 -28 -37 -40 -75 -93 -29 -53 -94 -55 -33 -42 6 -96 8 -33 -14 -21 -62 -91 -61 -27 -78 -88 -64 -6 -63 4 -63 -33 -61 -36 -18 -10 -51 -21 -31 -23 -69
-24 -60 -62 -22 -58 8 -47 -76 1 -60 -72 8 -59 -89 -7 -18 -5 -68 -26 -67 -84 -5 -86 -30 -39 -1 -21 -55 -50 -89 -87 -51 10 -82 -55 -76 -65 -26 -28 -16 -64 -66 -27 -64 -50 -100 -73 -78 -42 -14
7 -48 -15 -93 -54 -92 -73 -54 -77 -25 -56 -64 7 -37 -75 -89 -96 -45 -31 -54 -59 -51 3 -97 -88 -74 -30 10 -98 -40 -69 -33 -77 0 -76 -89 -83 -9 -63 -39 -31 -27 -75 -87 -78 -87 -45 -77 -95 -37
-50 -39 -86 2 -14 -38 -94 -53 -19 -37 -47 -25 -96 -86 -68 -30 -22 -21 1 -13 -14 -54 -40 4 4 -69 -71 -4 -92 10 -7 -79 -66 -74 -91 -33 8 -32 -37 -4 -56 -43 -25 -15 3 -80 -93 -51 -50 -5
-80 -38 9 4 -88 -16 -87 -3 -98 -33 -99 -75 -30 -32 -17 -79 -35 7 -57 -57 -99 -75 -21 -86 -26 -35 -18 -47 -81 -68 -55 -43 6 -44 -58 -71 -28 -34 -52 7 -58 -95 -44 -67 -70 -63 -53 -9 -89 -50
2 -8 -53 -84 -78 -86 10 9 0 -27 -55 -84 -4 -71 -40 -88 -26 -56 -33 -57 -82 -66 -100 3 -65 -4 -84 -82 10 -79 -25 -75 -77 10 -72 -74 -62 -52 -17 4 -3 -10 -60 0 -44 -10 -33 -70 -90 9
50 45
-68 -2 -75 -2 -75 -52 1 -77 -71 -78 -34 -22 -15 -34 -92 -5 -26 -25 -2 -5 -73 2 -95 -90 -24 -78 -93 -98 -99 -69 -52 -95 -47 -12 -13 -71 -82 -45 -32 -25 -100 -75 -75 5 -58 -32 -26 -35 -26 -57
-73 -29 -33 -99 -49 -52 -91 9 -23 -21 -34 -13 -57 -48 -13 -21 -65 -94 1 -57 -10 -26 -86 -99 -63 -58 -99 -48 -99 -34 -94 -29 8 -52 -50 -26 -7 -67 -71 -19 -38 -99 -43 -17 -9 -3 -20 -15 -27 4
-92 -31 -36 -42 -14 -41 -50 10 -39 -98 -90 -88 -18 -37 -48 -53 -73 8 -40 -55 -21 -14 -93 -96 -78 -2 -40 -17 -78 -90 -78 -59 -22 -55 -52 -55 -3 -34 -30 -37 -79 -36 -17 -60 -11 -72 -28 -19 -23 -86
-40 1 -60 -13 -100 -61 -79 -87 -10 -78 -18 -35 -60 -12 -24 -92 -40 -51 -4 -30 0 -42 -7 -100 1 -19 -96 -4 -69 -7 -100 -32 -56 -62 7 -50 1 -30 -47 -3 -30 -71 -72 4 -12 -51 -68 -9 -4 -93
-58 -31 -31 -53 -7 -84 -91 -50 -22 4 -4 -41 -14 -92 -23 -26 -93 -24 -70 -28 -59 -89 -10 -43 -41 -34 -31 -47 -17 5 -80 5 -59 -57 -64 -45 -48 -84 -69 7 7 -35 1 -6 -27 -33 4 -99 -49 -57
7 -80 -17 -100 -15 -79 -16 -41 -80 10 -66 -36 -98 -11 7 -49 -77 10 6 -37 -20 -9 -29 -95 -61 -67 -98 -15 -53 -26 7 -35 -58 -97 -6 -12 -11 -43 -72 -97 5 -7 -17 -12 -54 0 -99 -99 -37 -5
-36 2 -64 -59 -25 -27 -45 -73 -20 -55 -23 -17 -50 -79 -47 2 -74 -68 -40 -29 -15 -29 -92 -51 -84 -48 -81 -44 -72 -66 -22 3 -46 -32 -11 -6 -87 -52 -52 -24 -89 -11 -59 -76 -7 -15 -36 -63 -33 -65
-72 -7 -32 -39 -93 -9 -99 -88 1 6 -8 -13 -63 -9 6 -45 -21 -77 -15 -26 -41 -20 -62 -9 -89 -1 7 -26 -49 -35 -52 -78 7 -58 1 -91 -88 -52 -29 -39 -29 5 -29 -28 -24 -48 -89 -38 -70 -44
-55 -54 -25 -85 -59 -39 -27 -36 -8 2 -3 -82 -43 -30 -19 7 -40 -41 -99 -80 -8 -46 -50 -11 -94 -45 -53 4 7 -54 -28 -60 -12 -36 -79 -77 -84 2 2 -2 -43 -32 -8 -95 -17 -11 -45 -75 -50 -18
0 -55 -78 1 -16 -51 -11 -100 -52 -70 -57 -50 -60 -44 -83 -54 9 -41 -91 -72 -81 -3 -71 -87 -32 -93 8 1 -9 10 -81 -96 -3 -79 -48 -3 -30 -66 -31 -54 -10 -47 -83 -73 -73 -19 -72 -15 -37 -33
8 -59 -71 -29 -42 -25 -75 -9 -92 7 9 9 -86 -29 -84 -96 -15 -100 -26 -96 4 -53 3 10 -93 -6 -60 8 -35 -84 -37 -91 -20 -85 -9 -76 9 -20 -3 9 -75 -49 10 -57 -19 -22 -66 -54 5 -40
-48 -26 -42 -60 -32 -38 -49 -94 -13 0 9 -12 -50 -49 -71 6 -58 3 -84 -86 -44 -53 -9 -27 -78 -44 -55 2 -91 -23 5 -72 -68 -50 -62 -24 -1 -38 -87 -94 -16 -37 3 -50 -8 -14 -40 -83 -66 -45
-61 6 -24 8 -57 -92 -4 -38 -38 6 -65 -70 -84 -56 -5 -37 -55 -34 -40 -79 -33 -7 -5 -97 -40 -91 5 -35 -83 1 -86 6 -28 -80 -3 -28 5 -65 1 -11 -30 -8 -98 -12 -29 -62 -75 -10 -74 -87
-16 -31 -49 -52 -33 -48 4 -85 -27 -70 -21 -10 -77 -67 -8 -4 -7 -47 -83 -94 -59 -84 -66 -29 -98 -72 -99 -15 -29 -47 10 -25 4 -85 -39 -2 -59 -91 -15 -46 0 -48 1 -9 -33 4 -31 -51 -88 1
-36 -65 -76 -80 -31 -49 -86 -33 -72 -37 -11 -87 -28 -50 -18 -58 -28 -56 -74 -38 -42 -31 -69 -82 3 -60 -24 -11 -96 -62 -31 2 -50 4 -37 -70 -36 -78 -4 -79 -68 -51 1 -21 -78 -2 -44 -34 -56 -16
-4 -13 -94 7 -84 -64 -32 -9 -17 -44 -78 4 -38 -18 0 -72 -44 8 -56 -71 -13 -79 -45 -17 -14 -76 -92 -76 -31 -10 9 8 -85 -79 -16 -96 -34 -60 1 -19 -67 -29 -94 -77 -2 -33 -57 -20 -20 -72
-51 -35 -100 -64 -71 -11 -87 -33 -99 -56 -50 1 -10 -79 -96 -18 -58 -60 -49 -30 -4 8 -64 -12 -83 -3 -90 -77 -47 -48 -99 0 -41 -83 -43 -68 -39 -91 -21 -23 -2 -60 -60 -35 -90 -33 -17 -46 -19 4
-15 -43 -43 4 -18 -95 -42 -49 -10 -5 -9 -32 -34 -89 -89 -40 -60 -71 -70 -56 -1 -11 -27 -2 -28 -60 -11 -15 -36 1 -27 -90 3 -13 -1 -13 -7 -29 2 -7 -34 -54 -86 -92 0 -45 -83 3 -28 -48
-20 -3 -35 -50 -59 -15 -47 -90 -67 -95 -98 1 -74 5 -92 -14 -45 -77 -84 -35 -92 -76 -35 -4 -53 -49 -15 -100 -93 -96 -28 -13 -98 -82 -56 -70 -100 -37 -51 2 -56 -65 -33 -13 -43 -35 -55 -29 -13 -80
-85 -27 -54 -84 -83 -65 -5 -14 3 -30 -83 -23 -100 -25 -66 -76 -95 -27 -74 4 -57 -88 -52 -50 -33 -67 5 -65 -59 -28 -85 -30 -83 -31 -21 -80 -23 -15 -42 -26 -34 -14 -11 -70 -6 -27 -18 -3 -70 -66
-25 -34 -11 -94 -4 -5 -45 -85 -95 -60 -23 -31 -7 -35 -18 -32 -24 -53 -38 -9 -26 -98 -70 -57 -64 -4 -21 -21 -6 -64 -85 -38 -18 -31 4 8 -35 -15 -34 -31 -45 -37 -55 -11 -32 -47 -25 -8 -61 2
-73 -56 7 -56 2 -60 5 -36 -21 -50 -14 -58 -35 -86 0 -85 -20 -88 -19 -86 -1 -93 -38 -87 8 -95 -66 -85 -44 -77 -84 -34 3 -95 -96 -16 6 -51 -24 -2 10 -7 -35 -42 -17 -6 -29 4 -78 2
2 -97 -87 -73 -41 -22 5 -36 -48 7 -40 -53 -96 -19 -78 -83 -62 10 -27 -77 4 -12 -54 -64 4 -60 -75 7 -79 -98 -27 -90 -5 -79 -41 -75 -5 4 -45 -56 10 -57 -21 4 -9 -79 -58 -29 -68 -83
-25 -94 -83 -63 -13 -61 7 -77 -13 -25 -72 -36 -49 -79 -66 -92 -11 -12 -38 -55 -26 -34 -97 -13 -3 -51 -50 -84 -27 -97 -13 -62 -24 -57 -96 -21 -63 -10 -51 -87 -96 10 7 -65 -63 -93 -1 -66 -80 -69
-50 7 10 -9 -78 -100 -19 -70 3 -54 -6 -30 -47 -56 -8 -25 -67 4 -89 -6 -100 -46 -50 6 -46 -7 -80 -58 -29 -70 -89 -69 -88 -81 -72 -78 -51 1 -67 -6 -6 -43 -70 -81 -41 -42 -70 -63 -3 5
-39 -87 -85 -20 -6 -100 -41 -99 -10 -39 4 1 -34 -19 -12 5 -72 -41 -11 -15 -81 1 -9 -12 -14 -90 7 -67 -60 -13 -55 -73 -41 -45 -69 -83 -22 6 -23 -95 -73 -9 -12 -76 -73 -80 -98 -99 -31 -18
-32 -72 -3 -73 -55 -67 3 -78 -15 -74 -85 -10 -21 -70 -97 -94 -24 -62 -30 -6 3 -27 -79 -47 -83 -70 -36 -27 -97 -54 -72 -86 4 3 -52 -74 -57 -9 -27 -51 10 -56 -30 -27 -69 -48 -49 -55 -22 -55
-8 10 -18 -58 7 -14 -36 -14 -58 -82 -2 -59 -83 -91 -69 -30 8 -14 -14 -26 -81 -84 -13 -36 -95 -88 -50 -25 -61 -26 -53 -96 -93 8 -63 1 -48 -36 0 -50 -74 -60 -89 -23 -59 -11 -21 -38 -94 -50
-65 -40 -32 -59 -57 -74 -53 -25 -65 -7 -30 -41 -83 -41 -17 -93 -24 -30 -79 -38 -64 -76 -14 -35 2 -93 5 -72 -95 -25 4 -58 -65 -53 -56 -9 -83 -9 -79 -10 -49 -10 -34 -30 -32 -56 -51 7 7 -66
-19 -23 -63 -65 -67 10 -30 -81 -25 -98 -82 -53 -91 -90 -92 5 -31 -66 -40 -42 -22 -19 -23 -58 -41 -60 -98 -79 -1 9 -78 -85 -79 -77 -89 -45 -39 -69 -64 -28 -46 -99 -78 -53 -47 -13 7 -27 -98 -1
-99 -63 -48 -34 -85 -94 -72 -49 -31 -21 -33 8 -10 -36 -5 -59 -43 -63 -54 -13 -13 -33 -73 -44 -11 -27 -45 0 -21 -9 -68 6 -51 -69 5 -38 -24 -51 -5 -16 -33 -70 -13 -89 1 -37 -90 -84 -9 -15
-52 -31 -62 -23 -38 9 -78 -26 -43 -76 -35 -44 -65 -45 -9 -35 -92 -86 5 -20 -44 -89 -58 -8 -77 -85 -64 -72 -59 0 10 -93 -41 -88 -16 -99 -94 -92 -1 -31 4 -86 -76 -44 -9 -53 -84 -60 0 -60
-90 -5 8 -24 -28 5 -64 -69 -95 -38 -86 -20 -27 -63 -22 -37 -98 -79 -85 -93 -57 -98 -72 -33 -62 -89 -94 -73 6 -36 -91 -11 -17 -98 -98 -17 -19 -3 -39 -17 -94 -81 -14 1 10 -83 3 -12 -5 -54
-49 -92 -76 -44 -87 -19 3 -1 -42 8 -86 -78 -45 -68 -96 -20 -80 -49 -14 -52 0 -56 -40 5 -80 -38 -93 -7 -45 7 -85 5 -36 -18 9 -5 -88 -26 4 -11 -98 -48 -29 -98 5 5 -2 -64 -54 1
-80 -18 -43 -53 -49 -72 -39 -8 -31 -94 -32 -59 -10 -52 -40 7 -52 -49 -15 -99 -99 -90 -7 9 -35 -16 -22 -12 -71 -65 -90 -69 -86 -35 -16 -92 -77 -76 -52 -10 -51 -90 -94 -69 -50 -61 -92 -41 -59 -55
-49 -61 -22 -66 -100 -51 -23 -83 -74 -8 -46 -18 -16 -37 -8 -31 -40 -54 -58 -56 -65 -46 -34 -41 -12 -74 -36 -76 -77 -56 -56 -86 -10 -97 -5 -72 -83 -80 -17 -88 -43 -82 -44 6 -54 -25 -58 -69 -85 -22
2 -50 -47 -88 -1 -59 -76 -11 4 -60 -11 -1 -35 -45 -24 -16 -95 -80 3 -20 5 -42 -77 -80 -79 -75 -28 10 2 -78 -61 3 -54 -96 -1 -86 -59 -58 -87 -31 -36 -29 -61 9 -6 -43 -72 -83 -7 -83
-90 0 -72 -45 -22 -26 -52 -15 -8 9 -71 -76 -14 -42 -53 -85 -68 -46 -98 -12 -31 -24 -79 -40 -93 3 -7 -58 -86 -43 -81 -71 -45 -5 2 -40 -53 -49 -20 -55 -52 -87 -71 -59 -88 -100 -28 -100 -17 -93
-69 -58 -45 -62 -45 -90 -26 -66 -2 -44 -61 -25 2 -19 -24 -76 -72 -79 -75 -7 -60 -68 -97 1 -11 -66 -76 -97 -95 -53 3 -14 -86 -30 -11 -50 -1 -47 -16 -53 -48 -33 -47 -27 -44 -54 0 -100 -9 -85
-78 -14 -20 -13 -46 -90 4 -93 -16 -11 -37 -85 -11 -7 -90 -57 -8 -78 -79 -92 -19 -91 -68 -30 -43 -50 9 -29 -27 -22 -79 -4 -78 -58 -58 -40 -48 -83 -8 -51 -30 -65 -94 -38 -11 7 -16 -72 -53 1
-78 -57 -63 -31 -16 -99 -82 -86 -57 -77 -73 -100 -85 -94 -60 -2 -56 1 -91 -72 -19 -40 -26 -67 -13 -54 -36 -18 -27 -7 6 -53 -56 -46 6 -55 -15 -40 -69 -44 -57 -94 -93 -33 -61 -57 -43 -94 -45 -42
6 -77 -47 -66 -43 -59 -27 -86 -85 -37 -19 9 -3 -88 -96 -69 8 -7 -3 -38 -30 -55 -18 -41 -77 -8 4 -79 -71 -74 -34 -68 -66 10 -26 -56 -85 -84 0 -13 -82 -56 0 -31 -95 -9 -58 -68 5 -96
-4 -43 -77 -35 4 -40 -37 -10 -7 -24 -15 -16 -51 7 -23 -96 -53 -23 -37 -2 -86 -73 -96 -85 -35 -96 -19 -10 -83 -85 -95 -38 -59 -27 -87 -14 -14 -39 -16 -89 8 -69 -50 -79 -3 -100 -38 -49 -41 -7
-32 -2 -98 -88 -8 -20 -20 -33 -34 -72 -96 -51 -42 -52 -5 -51 -71 -49 -91 -82 -96 -1 -42 -45 -83 -14 10 -34 -28 -80 -4 -9 -56 -80 -89 -14 -55 -37 -83 -12 -28 8 -35 -3 -60 -86 -86 -63 -10 -19
-79 -65 -22 -26 6 -91 -78 -55 -39 -89 -33 -47 -7 -21 -66 -51 -16 -62 -33 -21 9 -26 -87 -57 -36 -52 -86 -93 -9 -66 -77 -83 -8 -90 -22 -99 -61 -29 -68 4 -49 -22 -59 -26 -87 -74 -45 -42 -11 -12
-71 -8 -83 -22 -61 10 -47 -66 8 -58 -11 -9 -77 -80 -97 -96 -67 -50 -43 -74 -41 -100 -87 -73 -47 -44 -33 -20 -45 -12 -21 -23 -88 -15 -26 -6 -64 -100 10 -32 -65 -55 -48 -59 -84 -58 5 -23 -76 -50
-55 -26 -53 4 -79 -45 -51 -81 6 -74 -68 9 -52 -41 -60 -5 -72 -52 -17 -32 -95 -60 -82 -99 -100 -27 8 -18 -25 -91 -49 -94 -32 -73 -23 -97 -63 10 -9 10 -17 -36 -98 -79 -25 10 -99 -57 -4 -73
-36 -76 -23 -93 -96 -65 8 -9 7 -8 -38 -30 -58 -46 -46 -17 -31 -73 -49 5 -89 -11 -55 -83 -75 -20 -28 -41 -53 -42 10 -13 -31 7 -24 -15 -94 -83 -99 -48 -98 -27 -35 -33 -21 -3 3 -15 -71 -11
-35 -29 -3 -13 -23 -70 -71 -77 -47 -82 -12 -20 -73 -41 -75 -5 -89 -5 -74 -74 -41 -22 -55 -60 -1 -73 -35 -41 -97 -89 -44 -67 -97 -86 -100 -24 -13 1 -32 -89 -95 -25 -23 -25 -50 3 -84 -32 7 -76
6 -33 -54 -10 -4 -32 -13 -61 -10 10 -92 -81 5 -58 -41 -6 -38 -56 -11 -95 -2 -35 -91 -77 -73 -62 -100 -61 -69 -39 -91 -97 -49 -38 -13 -28 9 -31 -31 -61 -37 -17 2 -16 -79 -51 -3 -8 -50 -5
50 47
-91 -53 -33 -83 2 -66 -96 -14 -83 -62 -89 -33 -92 -45 -27 -42 -31 -70 -78 -16 -69 -59 -64 5 -27 -43 -81 4 -90 -57 -68 1 -3 -47 -46 -53 -99 -22 -56 -94 -7 -28 -27 -22 -6 9 9 -65 -59 4
-2 -100 3 -23 -31 -88 -36 -81 -84 -70 -64 -19 -66 -4 -11 -94 -63 -2 -25 3 -40 -96 -85 -50 -12 -67 -71 -70 -34 -99 -60 -13 -69 -51 -52 -31 -96 -94 -73 8 -54 -35 -59 -5 -76 -23 -80 -45 3 -48
-70 0 -16 -55 -81 1 4 -41 -85 -6 -72 -5 -90 -60 -34 4 -97 -100 5 -60 -53 -38 -34 -36 7 -8 -30 -65 -78 -4 -56 -30 -96 -40 -95 -33 -80 -48 -74 -49 -5 -52 -22 -91 -77 -65 -92 -40 -53 -43
-4 -3 -21 -11 7 -8 7 -8 -71 -23 -4 -21 -3 -2 -3 4 -57 -69 -50 -78 -68 -42 -35 -47 -82 -68 -82 3 -23 4 -46 9 -88 -87 -45 -11 -4 -44 -77 -27 1 -61 -67 -54 -26 -24 -30 -15 -85 -37
-89 -46 -36 -85 -70 -32 -45 -8 -51 -84 -73 -39 -42 0 6 -52 -21 -96 -31 7 -97 -33 -80 7 -45 -69 -13 -45 -25 5 -42 6 -91 9 -52 -92 -39 -4 -56 -97 -14 -72 -11 -74 -36 -52 -86 8 -95 -45
-22 -83 -37 -22 -72 -65 7 -38 -19 -70 -39 -63 -78 -74 -27 -56 -70 -29 -91 -16 -53 7 -39 -54 -56 -100 -23 -2 -81 -19 -18 -75 -4 -13 -41 -97 -45 -66 -72 9 -44 -26 -12 -72 -60 -16 -48 -97 -62 -29
-55 -27 -94 -76 -9 -58 -98 -39 -3 -55 -81 -82 -38 -73 -89 -79 -84 6 -10 -85 2 -30 -79 -82 -76 -26 -71 -99 -15 -41 -75 -94 -32 -52 -36 -19 -5 -75 -21 -62 -70 -34 -43 -23 -99 -81 -98 -41 6 -65
-97 -86 -86 3 -35 0 9 -65 -73 -57 -64 -66 -74 -95 -87 8 -17 -27 4 -84 -10 -60 -99 -38 -24 7 -62 -63 -6 -94 -97 -5 -15 -44 -46 -55 -100 6 -4 -24 -87 -69 -45 3 -47 -96 -1 -60 -63 -33
-79 -6 -85 -75 -42 -74 -65 -24 -30 -75 -13 -57 -52 -41 -87 -98 -24 1 -77 1 -32 -43 -15 -48 1 -45 -33 -2 -62 -62 -47 -65 -10 -86 -63 -49 -84 -37 -29 -93 -25 -7 -33 -74 -50 -72 -53 -38 -100 -30
-81 -75 -65 -28 -71 -54 -36 1 -32 -51 -89 -31 -80 -18 -57 -47 -20 -58 -54 -91 -48 -62 -38 -88 -94 -53 -76 -69 -56 -30 -97 -28 -47 -89 -9 -81 -70 -38 -44 -50 -7 -83 -75 -30 -87 -36 -16 -86 -32 -68
-65 -70 -73 -28 -75 -68 -53 -58 -42 -64 -85 -25 -59 -8 -16 -63 -17 -98 -84 -98 -51 -28 -95 3 -58 8 -4 -11 -47 -82 -15 -71 -66 -80 -86 -68 3 -88 -58 3 -53 -1 -96 6 -9 -13 -33 10 -22 -68
-28 -46 -72 -65 -17 7 -78 -28 -77 -79 8 -43 7 -47 -41 -11 -32 2 -95 -97 -58 10 -29 -64 10 -36 -56 -39 -88 -17 -57 -87 -97 -56 -90 -100 5 -49 -30 -38 -4 -47 9 -10 -46 -56 -73 8 4 -79
-93 -60 7 -86 -76 -16 6 -31 -100 -73 -77 -93 -10 -43 -31 -87 -36 -24 -75 -3 -44 -18 -35 -32 -62 -15 -60 -63 -39 -26 -27 -73 4 -29 -59 -31 -62 -86 2 -30 -80 -56 8 9 -3 -62 -50 -19 -9 3
-64 -89 -15 -50 -36 -60 -44 -71 -58 -33 -11 -20 -64 -52 8 -6 -20 -84 3 -88 -4 -17 -85 -86 -49 -48 -79 9 -87 -52 -4 -68 -9 8 -74 -70 9 -60 -35 -48 -56 -94 -58 -21 -30 -26 -16 -88 -72 -17
-87 -29 -72 -57 -51 -78 -94 -84 -65 -85 -21 -74 -43 -2 -36 -36 -40 -98 8 -51 -13 -51 -20 -74 -59 -70 -31 -3 -27 -86 -46 -18 -7 -8 5 -24 -34 -60 -86 -64 -31 -36 -5 -100 -41 -43 -7 -38 9 -2
-62 -24 10 -94 -15 -25 -54 -42 6 -100 -8 8 -7 -10 9 -24 10 -68 -21 -33 -27 -91 -93 -16 -95 -64 -80 -29 -85 -81 -26 -66 -85 -48 -17 -83 -42 -98 -7 -62 0 -78 -88 -10 -61 -36 -52 -20 -64 9
-21 -33 -30 -97 -13 -74 -79 -34 -32 -6 -54 -85 -33 -1 -100 -15 -19 -33 -37 -79 -45 -62 -7 -57 3 -4 -16 -17 -7 -73 -55 -90 -89 -21 -16 -69 -100 -39 -72 -34 -91 -29 -74 -71 -81 -91 -85 -22 -9 7
-47 -21 -39 -37 -8 -86 -37 -13 -51 -60 -16 -67 -28 -20 -44 6 -50 -86 -41 -68 -82 -3 -11 -51 10 -10 -81 10 -29 -47 -66 -64 9 -47 -81 -48 -46 10 -88 -91 -8 -64 -61 -92 -2 7 -99 -65 -51 8
-48 -50 -68 -79 8 -55 -15 -1 -54 -96 -86 -39 -85 -57 0 -24 -38 -64 -6 -62 0 -31 -4 -13 -64 -67 -24 -45 9 -85 -72 -69 -79 -16 -48 4 -53 -72 -48 -64 0 -99 -94 -57 -32 -41 -97 -100 -43 -29
-6 -29 -52 -61 -70 -37 -67 -43 -1 -8 -8 4 -59 -61 -67 -91 -79 -44 -10 5 -36 -1 9 -23 -18 -62 -2 -68 -98 10 -69 -31 -65 0 8 -97 -76 -45 -18 -23 -14 -43 -74 3 -14 -89 -53 -17 1 -90
-95 -23 -91 -32 -59 -30 -23 -93 8 -37 -50 -87 -100 -83 -88 -19 8 10 -15 -49 9 -28 -77 -57 -6 -40 5 -6 -33 -74 -31 -22 -10 -43 -87 -65 -49 -10 3 -62 -99 -47 4 -15 -55 -3 -10 -75 -19 -63
-88 -83 -89 -80 -62 -42 -38 -27 -78 -12 -72 -67 -90 -8 -75 -29 -57 -70 -7 -30 -44 -19 -100 -66 -42 -1 -59 -52 -37 -52 -2 -96 -62 -58 -92 -31 -29 -98 -54 -32 -56 -14 -67 -76 -91 -43 -44 -76 -12 -73
-7 -55 -94 -68 -80 -69 -18 -35 -18 -32 -6 -48 -34 -31 -57 -94 -45 -87 -91 -33 -37 -1 -33 -43 -88 -56 -1 -42 -51 6 -63 -97 -52 -78 -70 -66 -87 -30 -30 -85 -21 -49 -1 -60 -52 -24 -33 -9 -44 -90
-51 -71 -40 -92 -3 -33 -22 0 -45 -53 -25 -14 -100 -74 -43 -48 -28 -66 -11 6 9 -2 -57 -71 -54 -1 2 5 -14 -54 -21 -40 -26 -78 -46 -24 -91 0 -59 -13 10 -75 -4 -19 -64 -40 -7 -9 -61 -24
-7 -1 -26 -82 -98 -99 7 -20 -30 -90 -24 -24 -12 -54 -19 -82 6 -62 -76 -25 -10 -51 -11 -61 -59 -15 -92 -8 -11 -21 -72 -90 -54 -60 -78 -29 -2 -11 -95 -90 10 -75 -49 -50 -93 -28 -37 -86 -72 -18
-28 -6 6 -30 -59 -43 -77 -49 -98 -9 -22 -57 -40 -66 -6 -27 -79 -28 4 -79 -35 -8 -19 -52 -83 -55 -2 -92 -89 -14 -93 6 -75 -37 -12 7 -35 -98 -97 -93 -44 -95 -47 -59 -49 -50 -13 -74 -65 -44
-14 -42 10 -34 -85 -29 -18 -26 -44 -60 -28 -40 -72 -47 7 -78 -43 -30 4 -84 -11 -15 -59 -76 -61 -59 -32 -24 -20 -42 -26 -88 -33 -47 -23 -9 -84 6 -68 -86 -45 -5 -5 -13 -13 -9 -74 -18 -45 -74
-80 -63 -39 -71 -51 -74 -48 -1 -78 -9 -75 -4 -96 -4 -38 -78 -3 -10 -46 -63 -30 -43 -72 -11 -79 -66 -65 -94 -16 -10 -85 -57 -46 -69 -41 6 -63 -52 -1 -24 -79 -25 -3 -18 -99 4 -33 10 -7 -55
-38 -44 -79 -73 -47 -95 -31 -41 9 -74 -58 -53 -59 -58 -96 -6 -89 4 -47 -53 -68 -68 -18 -83 6 -78 -65 -85 -69 -35 -5 -79 -65 -3 3 -15 -78 -38 -69 -94 -41 -93 -55 -44 -17 -6 -32 -44 -10 6
8 -46 -75 -71 2 -65 -94 8 -72 -58 -4 -91 -20 -77 -11 -25 9 -98 -66 -90 -13 6 -61 0 -53 -21 -31 -68 -10 -62 -95 -71 -15 -62 -99 -97 -9 -77 -10 -63 -94 -61 -70 -84 -38 -30 -38 -39 -86 -26
-52 -31 -48 -87 -57 -36 -34 -41 -6 -56 -15 1 -9 -32 10 2 -77 -47 -23 -39 -76 -96 -81 -34 -84 -34 -27 10 -10 -8 -93 -52 -6 6 -8 -99 -77 -34 -63 -5 -21 -1 -72 -85 -64 -20 9 -26 -5 -22
-64 -54 -37 -97 -66 -12 -56 -91 -68 -42 3 1 -34 -50 -68 3 -3 -56 -2 -44 -49 -13 -53 -89 -35 -83 -39 3 -98 -95 -53 -37 3 0 -62 -34 4 -43 -3 -37 -15 -90 -82 6 -43 -81 -61 -67 -14 -62
-54 -56 -56 -15 -75 -66 -74 9 -43 -81 -34 -3 -49 -99 -83 -48 7 -86 -8 -2 -13 8 -63 -53 -24 -24 7 -12 -52 -57 3 -39 -34 -51 -60 -99 -30 -36 -38 -79 -24 1 -55 -97 -6 -56 -64 -49 -77 -10
-43 -73 -59 -9 -46 -89 -50 -12 -37 -88 -22 6 -92 -6 -50 4 -30 -42 -17 -6 -72 -35 -79 -57 7 -72 -10 -33 -86 -30 -31 -35 -23 -29 -67 -10 -66 -55 -19 -41 -12 -45 -84 -91 -22 -41 -51 -9 4 -42
-74 -79 -12 -56 -8 -31 -74 -35 -29 -52 -94 -65 -86 -41 2 -38 3 -16 0 -41 -49 2 6 -69 -100 5 -64 2 -56 -61 -15 -74 -75 -65 -58 -79 -40 -93 -65 -5 -5 -73 -95 -65 -25 -66 -74 -82 -18 -33
-33 -32 -74 -45 -42 -23 -69 0 -2 -15 -3 10 -12 -74 -62 -60 -49 6 -6 -37 -76 -51 -31 -51 -61 -67 -89 -83 -35 -70 -28 -84 8 -23 -49 -14 -43 -64 -42 -69 -23 -98 6 -26 -74 -62 -64 -12 -43 -86
-44 -70 -74 -17 4 -1 -23 -27 -32 -26 -72 -23 -29 -97 -100 -16 -55 -61 -34 -30 -75 -87 -66 -48 -84 -5 -33 -34 -22 -48 0 6 -24 -76 -63 -98 -74 -74 -73 -88 -92 -18 -35 -31 -15 -68 7 -79 -79 -61
-29 -54 -25 -39 -28 -71 -78 -59 -34 -21 -12 -15 -41 -64 -1 -71 -19 -19 1 -74 -39 -42 -71 -55 -65 -52 1 -22 -31 -17 -92 -82 -26 -40 -61 -41 -83 -85 -64 -11 -84 7 -28 -19 -54 -68 -76 -49 -91 -26
-37 -12 -15 -83 -100 -3 -44 0 -58 -24 -7 -43 -56 -37 -40 -86 -56 -67 -99 -65 -48 -20 -91 -82 -50 -34 -7 8 -17 -12 -36 -62 -53 -30 -31 -3 -14 -91 -30 -43 -38 -33 -17 -38 -26 5 -19 0 -92 -64
6 -71 3 -58 -67 -97 -73 -19 -98 -96 -90 -71 -35 -58 -3 -84 -50 -81 -53 -84 -46 -66 -63 -44 -14 -91 -16 -3 -88 -16 -31 -2 -75 2 10 -18 -12 -27 -56 -9 -81 -40 -66 -12 -17 -13 -22 -49 7 -2
-54 -52 -99 -35 -56 -49 3 -18 6 -100 -26 -94 -4 -46 -1 -50 -86 9 -65 -67 -38 -46 -19 -26 -59 -47 -48 -81 -29 10 -26 3 -4 -20 2 9 -23 -68 -55 -2 -20 -74 -67 -76 -86 4 -4 -93 -90 -27
-3 7 -20 -96 -66 -98 -83 4 -43 -30 -83 -86 -40 -70 -46 -85 10 -13 -31 -29 -84 2 8 -70 -76 -12 -69 -33 -63 8 -64 -10 -9 -9 -97 -44 -10 -33 -71 -84 -64 -6 -75 -47 -91 7 -14 -68 -82 -33
8 -55 -89 -76 -71 7 -8 -37 -23 -22 -82 -8 -8 6 -55 8 -9 -55 -19 -75 -38 5 -96 -74 -40 -4 -69 -22 -52 -97 -96 -83 -74 5 -63 -40 3 -44 10 -98 -33 6 -2 -32 -7 -5 -76 -15 -23 -27
-32 -94 -65 -48 -1 -64 -75 -60 -81 -78 -80 -10 -84 2 -41 -5 -78 -87 -87 -25 -30 -14 -90 -58 -33 -27 -22 -99 -44 -4 0 -59 -4 -86 -37 -23 -94 -74 -42 -37 -98 -2 -49 -86 -11 -78 10 -32 -31 -96
-77 -35 -94 -52 -23 -19 -17 -69 1 -29 -32 -100 -87 -79 -97 -22 -55 -18 -4 -23 -39 -15 -58 -15 2 -89 -100 -19 -79 -84 9 -92 -100 -90 -87 -14 5 -2 4 -36 -82 -67 -26 -31 -67 -9 -35 -25 -63 -59
-82 7 -98 -94 -11 -51 -4 1 -79 -24 -59 -4 -34 -71 -28 -62 -50 -15 -77 -36 -2 -94 9 -59 -59 -9 -3 -97 -80 -62 -50 -45 -98 -37 -93 7 -43 -54 -24 -12 -4 -93 -82 -5 -17 -68 -67 -61 -39 -81
-68 -5 -36 -8 -78 -78 -81 4 -35 7 3 -93 -5 -60 5 -14 -58 3 -6 -72 -67 -40 -27 -15 -13 -83 -4 -1 -96 -23 -95 -42 -71 -8 -89 -75 -87 -15 -6 -28 -21 -32 -20 5 -73 -13 -2 -70 -43 -75
-40 -28 -90 -9 -43 -98 -4 1 2 -36 -74 -33 -69 -85 -15 -90 -47 -76 -45 -11 -20 -18 -96 7 -93 -81 -2 -95 -77 -37 -38 -54 -30 -27 -33 -66 -36 -10 3 -14 -41 -93 -84 -59 9 -40 -88 -95 -80 -12
-5 7 -9 1 -86 -64 -29 -19 -23 -48 8 -45 -29 -42 -81 -15 -76 9 -53 -84 -33 -25 -19 -10 -60 -54 -7 -10 -29 -62 -32 -60 8 -85 -13 -43 -24 -69 -42 -10 -97 -14 -22 -15 -47 -84 -4 -80 -12 -25
-31 -66 -23 -62 -3 -40 -5 -81 -45 10 -20 9 -8 3 -23 -14 -16 -32 -36 -21 -97 4 -79 2 -13 -24 -14 -80 -48 -27 -90 -35 -52 -15 -52 -50 -55 -86 -42 6 7 -37 -52 -77 -41 -26 -100 -26 -1 6
50 48
-89 -97 -40 -42 -94 2 -67 -17 -76 4 -89 -10 -12 -3 -96 -2 -81 -61 -84 -66 -59 -90 4 -7 -38 -77 -61 -46 -56 -39 -77 -48 -39 -49 -6 -50 -59 -31 -81 -79 -93 -80 -34 -33 -51 0 -44 -67 -98 -45
-5 -18 -59 -81 -58 -93 7 -94 -18 -85 -76 -13 -1 6 5 -36 -65 -11 10 -12 -38 -44 -97 -40 -99 -91 -17 -75 -82 -17 -51 -33 -14 -48 -40 -51 -74 -35 -15 -89 10 6 -99 -18 -35 -47 -66 -20 -39 -34
-76 -41 -48 -99 -52 -25 -49 -99 -45 5 -90 -81 -72 -61 -39 -6 -53 -26 -39 -5 -88 -27 10 -92 -42 -23 -12 0 -94 -44 -43 -61 -35 -63 -76 -42 -82 -47 -94 -98 10 -65 -40 -43 -43 8 -53 -84 10 -14
-62 -13 -5 -8 -51 5 -2 -6 -47 -42 1 -85 -74 6 6 -48 -62 3 -42 -9 -91 -60 -41 -97 -37 -64 -45 -56 -9 -75 -33 -21 -6 2 -23 -49 -74 -11 6 -81 -36 -52 -97 -17 -52 -12 -68 -56 0 7
-53 -35 1 -87 -1 9 -22 -57 -68 -87 -47 -72 -22 -81 10 -34 -85 -45 -85 -53 -68 -2 -16 -23 -75 -53 -35 -41 -64 -35 -15 -1 -23 -98 -25 -31 0 -25 -23 -95 -47 2 -25 -84 -30 -67 -24 -68 -92 -91
-41 -94 2 -22 -44 -69 -64 9 -78 -69 -57 -12 -94 -35 -87 -36 3 7 -10 -35 -97 -16 2 -50 -9 -34 -87 -60 -29 -7 -97 7 -72 -65 -56 -59 -70 -83 -45 -67 -87 -65 -92 -53 -87 -16 0 -66 -42 -100
-76 -41 -35 -40 1 -38 -72 -73 -77 -57 -33 -50 -92 -39 -53 -94 -24 -32 -67 -27 -12 -9 -28 -86 -53 -96 -95 -62 -41 -10 -60 -5 -35 -68 -96 -43 -30 -85 -18 -52 -11 -1 -94 -54 -52 -32 -90 -59 -76 -40
-89 -94 -74 -2 -41 -75 -18 0 4 -50 -92 -22 -54 -91 -37 -49 -80 -39 0 -61 -25 -88 -48 -98 -2 -44 -7 -22 -73 -38 -5 -2 -45 -4 -70 -69 -86 -39 -58 -84 -96 -54 -97 -69 -4 0 -5 -40 -96 -14
-65 -90 -93 -33 -68 -66 -38 -69 -99 -15 -56 -26 -19 2 -42 -64 -43 -25 -18 -82 -10 -52 -91 6 10 -41 -100 6 -78 -4 -100 -27 8 -34 4 -31 -96 -79 -75 2 -64 -36 -74 -27 -23 -63 -23 -17 -97 -79
-98 10 10 -63 -24 -15 -38 -60 4 -26 -100 -100 -69 -87 -2 1 -79 -20 -75 -19 -8 -70 -44 -84 -31 -23 -15 0 -92 -39 -74 -91 -7 -99 -8 -65 -97 -54 -15 -90 -78 -49 -50 -20 -82 -18 -11 -54 -12 -15
-63 -40 -88 -33 -14 6 1 -22 -26 -45 -37 -87 -56 -89 8 -45 -55 -83 -82 -47 -9 -94 -35 5 -33 -70 -16 -4 9 -60 -19 -7 -9 -38 -61 -99 -70 -1 -81 0 -11 -6 -51 1 -39 -22 -60 -49 -78 -68
-71 -44 -76 -56 -28 -82 -25 2 -75 -21 -39 -14 -55 -29 -77 -25 -34 -72 3 -44 -32 -56 -31 -34 -11 -4 -27 -59 -43 -63 -91 -12 -4 -14 -100 -45 -87 -53 -3 -1 -89 -16 -73 -18 -73 -99 -65 -93 6 -13
-76 -22 -52 -61 -86 -51 -85 -51 10 -15 -56 -44 -98 -52 -38 -36 -45 -4 -55 -70 -81 -88 -15 2 -91 -26 7 -30 -35 10 -34 -6 5 -90 -64 -59 -68 -68 -89 -48 -47 -69 -94 -48 -76 -25 -25 -9 -65 -75
-20 -34 -72 -87 -3 -45 -73 -53 -3 -25 -95 -29 -91 -32 -100 -17 -29 -22 -71 -49 -21 -57 -74 3 9 -88 10 -29 -58 -91 -83 -9 -77 -46 -60 -76 -3 -25 -25 2 -46 -79 -88 -37 -1 -81 -29 -100 -79 -89
-34 -50 -69 -30 -20 1 -56 -65 -49 -27 -91 3 -46 -36 -87 -68 -37 8 -24 -94 -43 -83 -75 -30 -93 -70 -62 -41 4 -96 -63 -74 -70 5 -91 -46 -77 -20 -36 -92 -62 -31 -74 -32 -98 6 -70 -89 -15 -2
-74 10 7 -9 -96 -92 -11 -43 -85 -14 8 -31 -28 -72 -44 -1 6 -14 -93 -53 1 4 -8 -13 -57 -69 5 -38 -48 -84 -69 -16 -53 -28 2 -72 -59 1 -10 -16 -78 8 -58 -28 -3 -56 2 -66 -45 1
-92 -70 -35 -37 -72 -49 -10 -98 -82 -88 1 -10 -5 -6 -90 -28 -27 -57 -54 3 -9 -43 -63 -25 -89 1 -97 7 8 -28 -28 -99 -14 -61 5 -55 -25 -9 -53 7 -1 0 -22 -27 -74 -10 -27 -81 -40 -68
-98 -95 -17 8 -47 -82 9 -28 -21 -23 -84 -72 -53 -8 -99 -3 -99 2 -11 -71 -18 -76 -33 -37 -96 -90 4 -70 -40 -82 -83 -98 -81 -74 -26 -4 -19 -50 -98 -80 -41 -2 -39 -64 -97 -75 -13 -17 -79 -63
-75 -43 2 7 8 -52 -68 -11 -46 -89 -52 -55 -42 -54 -56 -98 -81 -87 -29 -31 -2 7 -69 -65 -64 -61 -30 8 -72 -11 -72 -61 -14 -44 -21 -4 -72 -75 -4 -87 5 -61 -27 -37 -3 -13 -49 -47 -35 1
-75 -4 1 -94 -78 -53 -15 3 -44 6 9 -92 -27 -69 -96 -90 -82 -77 -6 -40 -91 -62 -77 -73 -69 -61 -66 -52 -71 -69 -68 6 -72 -29 -34 -44 -2 9 -17 -43 -51 -94 -47 -47 -39 -35 10 -52 -56 3
-31 -80 -9 -89 -59 -34 -66 -98 2 -9 -52 -49 -81 -78 -43 -60 3 -2 -98 -55 -10 -52 -48 -71 -18 -67 -80 -96 -99 -49 -12 -81 -84 -51 -100 -43 -58 -31 7 -50 -18 -47 -93 -36 -88 -92 -72 -33 -89 -97
-31 -6 -39 -43 -65 -98 -81 -16 -87 -95 -71 -48 -50 -62 -5 -60 -28 -35 -26 -70 -1 -50 -10 -40 4 -63 -39 -3 -18 -96 -68 -19 -63 -42 -49 -9 -39 0 -23 -43 -91 -11 -19 3 -43 3 -4 -7 -7 2
-30 -8 -88 -71 -41 5 -84 -58 -9 -83 -13 -37 -41 -26 -77 -81 -94 -40 -60 -72 -98 -30 -73 -28 -48 -45 -95 -81 -22 -65 -50 -69 -91 -16 -95 -19 -45 -25 -67 -23 -67 7 -35 -54 -5 -76 -20 -89 -17 -34
-65 -29 -24 4 -2 -58 -49 -31 -57 -72 -66 6 -50 -73 -96 -91 -23 -30 -52 -20 -32 -48 -9 9 -94 -97 -75 -42 -63 -32 -23 -15 -73 -69 -74 10 -97 -14 -76 -96 6 -74 8 5 -3 -9 -66 -41 -99 -5
-44 -94 -35 -74 -32 -39 -58 -24 -17 -34 -54 -96 -41 -4 -23 -69 -80 -19 -15 -67 -74 -77 -10 -88 -21 -2 -7 -88 -57 -94 -45 -36 -24 -59 1 -28 -32 10 7 -29 -85 -3 -80 -81 -5 -95 -15 -17 -25 6
-17 -70 -58 -58 -23 -19 -66 -9 -98 -81 -66 -4 -12 -22 -98 7 -41 -8 -67 5 4 -12 6 -21 -51 2 9 -48 -36 -29 -18 9 -93 -88 -73 -34 -55 -66 -71 -91 -86 5 -36 -67 -59 -89 -59 -16 -98 3
-87 -56 -75 6 -18 10 -64 -10 -32 -6 -77 -20 -57 -79 -19 -19 -6 -94 -26 -78 -39 -68 -25 -83 6 -13 -20 -26 0 -42 -36 -3 -32 -70 8 -23 -17 -67 -85 -52 -83 -97 -10 6 5 -15 -90 -67 -36 -53
-79 -35 -15 4 -26 -81 -78 -62 -91 -38 -90 -32 4 -5 -88 -8 -80 -85 3 -92 5 -17 -32 -59 -55 -32 5 -32 -41 -14 6 -45 -48 -98 -16 -61 -93 -63 -68 -29 -9 -85 -49 8 -79 -54 -8 -55 -77 -17
-47 -56 -26 -74 -52 -99 -71 -64 -69 -58 5 -53 4 -17 -92 -82 -26 -21 -69 -92 -53 -82 -48 -89 -5 -16 -77 -50 7 -2 -89 -16 -8 -5 -15 -10 -74 -68 -32 -63 -66 -91 -94 -59 -2 -30 -18 -20 -71 -60
-99 -38 -95 -86 -92 -68 -93 -51 9 -12 -98 -54 -93 -99 -66 -49 -25 -21 0 -22 -26 -52 8 6 -71 -75 -4 -50 5 -48 -47 -50 -24 -24 -82 -78 -42 -76 -70 0 -31 -84 -42 -78 -19 -82 -5 -68 5 -56
-35 -11 6 7 -39 -81 -30 -34 -53 -32 -5 -89 -63 -40 -30 -30 -41 -14 -46 -57 7 -69 -80 -99 -41 -26 -27 -3 0 -17 -54 -98 -28 3 -83 10 -45 -55 -26 -49 -85 -71 -1 -83 -12 -73 -66 -88 -28 -7
-89 -34 -22 -26 -79 -68 -47 -10 -85 -94 -49 -62 5 -30 -21 -43 -10 -55 -76 -100 -83 -83 -37 -21 -87 -92 -20 -33 -68 -13 -77 -93 -13 -18 -35 -87 -76 -20 -38 -32 -2 -65 -8 -89 -22 -63 -96 -59 -67 -60
-80 -39 -12 -13 -9 -4 -98 -37 -36 -5 -63 -19 -76 4 -85 -81 -51 -39 -17 -4 -75 1 -45 -84 -62 -100 -34 -68 -30 7 -91 -64 -3 -83 -55 -7 -68 -10 -33 -47 -91 -7 -79 -74 -48 -4 -2 -58 -53 -90
-80 6 -12 -26 -83 -14 -61 -82 10 -96 -68 -77 -37 -2 -41 -92 -75 9 -14 -12 1 -80 -48 -79 -96 10 -84 -1 -36 -23 -93 -97 -50 -52 -71 8 -74 -2 -49 -62 -59 -44 -17 -56 -59 -8 -70 -58 -65 -16
-97 -58 -49 -75 -53 -96 -5 -36 -74 -80 -37 -71 10 -18 -2 8 5 -63 -50 -48 -65 -68 -12 -10 -21 -6 -38 -33 -15 10 -87 5 -33 -78 -11 -91 1 -59 -17 -37 -65 -49 -48 -93 -92 3 -88 -11 -78 3
-29 8 -11 -26 6 -88 -23 -8 -62 -44 -45 -51 10 -1 4 -25 -38 -53 -25 -77 -91 3 -92 -61 2 -11 -22 8 -23 -5 -41 -90 -78 -63 2 -59 -31 -43 -39 -66 -96 -51 -56 -76 -39 -5 -75 -53 -67 -27
-97 -41 -81 -13 -21 -63 -18 -35 0 -34 -38 -100 -95 -39 -7 -29 9 -48 -15 -20 -55 -46 -42 -78 -2 -81 -67 -43 -18 -75 9 5 -97 -70 -67 9 -12 -84 -59 -44 -29 -28 -7 -98 -59 -57 -5 3 -64 8
-48 -62 -75 -35 -7 -26 -69 -31 -98 -24 -7 -86 -29 -70 -78 5 -26 -46 -47 -48 -9 -87 -17 -20 -54 -73 -29 2 -93 -2 -11 -1 -36 -34 -53 -11 -32 -6 -46 -67 -73 7 -30 -23 -92 -13 -100 -19 -74 -24
-88 -68 9 -38 -52 -64 -65 -89 -58 -42 -39 -92 -19 -82 -9 -51 -96 -70 -97 -55 -28 -1 -31 -53 -50 -90 4 -36 -90 -19 -63 -11 -87 -62 -64 -1 3 -84 -15 2 -33 -97 -49 -13 -87 -4 -36 7 8 7
-15 -40 -22 -59 -54 -21 -58 -42 -60 -77 0 -16 -48 -70 -59 -27 -60 -21 -62 -87 -36 -83 -67 1 -12 -84 -18 0 -12 -37 -69 -83 -46 -7 -63 0 -93 -82 -97 -41 -9 -45 -30 -16 -7 -66 -49 -77 -60 -82
-63 7 -50 -35 -9 -36 -19 -98 -52 -34 -53 -67 -68 -61 -52 -15 -3 -26 -100 -26 1 -81 -3 -78 -39 -82 -59 -64 -20 -74 -80 -8 -98 0 -4 -21 -74 2 -59 -91 4 -49 -31 7 -3 -46 5 -99 7 -69
-46 -59 -3 -62 2 -87 -53 -78 -65 -24 -34 -5 -73 -85 -27 -86 -3 -16 -4 -95 -8 -92 -54 -76 -98 -77 -39 -47 0 -46 -4 -32 -72 -8 -50 -73 -51 -24 -12 4 -33 -25 -47 -19 0 5 -18 -99 -48 -28
-69 -96 -47 -92 -18 3 -67 -5 -98 -24 -2 -14 -3 -51 -35 2 -5 -72 -69 -54 -33 -16 -28 -13 -64 -84 -32 -60 -70 4 5 -38 -94 -40 -43 -86 -95 -73 -63 -91 -4 3 -17 -19 -17 -19 -3 -37 -82 -92
-33 -8 -23 -54 -1 -1 -19 -95 -31 -2 -84 -71 -48 -63 -29 -24 2 -23 -13 -48 -4 -96 -72 -3 -49 -62 4 -15 -17 -77 -74 -55 -89 -39 -86 -8 7 6 -5 10 -16 -62 -14 -73 -66 -7 -94 -16 -88 0
-75 -88 -93 -75 -5 0 -53 0 -63 -61 -79 -63 -63 -52 -41 0 10 -3 -61 -76 -37 -63 -45 -78 -6 -5 -51 -44 -27 -77 -11 -5 -60 -45 -45 -63 -34 -70 -3 -38 -83 -54 -75 -75 -97 -90 -47 -5 -5 -41
9 -15 -97 -17 -48 -44 -57 -93 -45 -46 -30 -30 3 -12 -45 -60 -36 -51 -54 -12 -28 -34 -17 -63 -37 -38 -33 -14 -25 -58 -59 -30 -5 -66 -65 -54 -96 -89 -25 -69 -74 -15 2 -55 -23 -95 -4 -26 -64 -19
-17 -6 -26 -57 -84 -21 -83 -33 -28 -28 -16 -63 -60 -9 8 -64 -83 -40 -21 -10 -20 -88 -95 -13 -70 -7 -39 -38 -3 -85 -2 -66 -10 -30 -79 -92 2 -100 -3 -62 -82 -76 2 -86 -20 -85 -61 -69 -29 -9
-41 -4 8 -82 -88 -95 -27 -38 -61 -78 -64 -64 -95 -2 -62 -94 10 -94 -35 -29 -44 -54 1 -84 -31 -27 -18 -22 -26 -26 -78 -60 -49 9 -94 -6 -21 -90 0 -5 -38 -63 -56 -41 -2 -90 -42 -20 -18 -95
5 -64 -66 -11 -40 -55 -32 -75 -20 -5 -36 -5 -51 -40 -2 -59 -73 -77 -78 -80 -99 -25 -77 -9 -58 -74 -49 -73 -94 -23 -81 -99 -8 5 7 -81 -32 -25 -74 -88 0 -90 1 6 -8 -10 -68 -80 -9 -15
-47 -62 0 -45 -55 -75 -78 -84 -3 5 -82 -60 -100 -61 -77 -45 -10 -86 -47 -59 -23 -19 -32 9 -95 -40 -18 -100 -85 5 -84 -49 4 1 2 -91 -43 -79 -42 -90 -78 -59 -36 -13 -46 4 -31 3 -81 1
50 49
-97 -27 -5 -96 -95 -17 -95 -74 -19 -92 -28 -84 -16 -59 -19 -43 -68 -74 -78 -99 -46 -39 -15 -18 -22 -23 -71 -23 -64 -91 10 -69 -79 -99 -3 -39 -9 -36 -25 -31 -72 -37 -71 -86 -27 -57 -64 -57 -84 -18
-13 -21 -43 -84 -86 -74 -89 -64 -58 -6 -43 -13 -45 -61 -70 -98 -99 -43 -19 6 -79 -16 3 -20 -5 -20 -14 -30 -20 -65 -10 -44 -35 -74 -81 -76 -72 -95 -98 -63 -35 -51 -11 -39 -86 -20 2 2 -80 -80
-15 -38 -88 6 -83 -73 -100 -53 -83 -57 -47 -67 -34 -42 -79 -45 -91 -53 -88 -75 -39 -60 -20 -45 -93 -56 -85 -49 -3 -81 -77 10 -5 -96 -84 -95 -41 -94 4 4 -80 -14 -59 -9 -38 -59 -34 9 -9 -34
-93 -96 -62 -14 -35 0 2 -98 -100 -37 -71 -86 -4 -96 -30 9 -56 -9 -27 -3 -73 -57 -35 -8 -42 -48 -79 -89 -74 -46 -24 -42 -21 -70 -56 -30 -93 -19 -95 -21 -45 10 3 -80 -59 -38 -48 -100 -51 -43
-40 -49 -27 -81 -36 -55 -99 -63 3 -22 -12 -65 -54 10 -18 -89 -62 -73 -33 -63 -67 -16 -64 -68 -12 2 -44 -52 -7 -31 -79 -87 -42 -74 -48 -88 -91 -33 -19 -58 -12 9 -94 6 -87 -42 -31 -71 -61 5
-68 -81 -70 -66 -99 -41 -39 -4 -73 -84 -60 -4 -31 -34 -46 -22 -4 -91 -62 -46 -69 -80 -56 -98 -88 -40 -91 -16 -18 -66 -73 -5 -70 -13 9 -25 -7 -66 6 -18 -94 -82 -88 -28 -34 -2 -56 -44 -27 -85
-19 -14 -67 -51 -97 -74 -69 -54 -27 -90 -4 -96 -35 -71 -28 3 -33 -97 -97 -40 -38 -62 -75 -11 -68 -64 -41 -58 -47 -38 1 -42 -73 -59 -67 -11 -24 2 -49 -34 -82 8 -80 -35 -10 -18 0 -11 -72 9
-70 -14 -27 -70 -89 6 5 -94 -61 -18 6 -97 -31 -16 -62 -38 -13 -4 -15 -50 -32 -28 -40 -27 -92 -61 -41 -73 8 -72 -26 -52 -72 -96 -20 -20 -4 -54 -49 -75 -68 -98 -84 -45 -52 -15 -30 5 -30 -63
-56 -99 -75 -75 -73 -25 -49 -32 -56 -32 -25 -41 -53 -88 -5 -85 -9 -65 -51 -82 0 -28 -82 1 -27 5 -32 -45 -16 -39 -43 -11 -37 -73 2 -76 -97 -54 2 -38 -75 -70 -45 -48 -76 -95 -21 -64 -54 -92
-2 -58 -41 -71 -85 -32 -45 -4 -96 -83 -54 -55 -8 -20 -35 -91 -39 -74 -45 2 -4 -28 3 -83 -12 8 2 -78 -72 -96 -63 -65 -11 -1 -93 -31 -12 -51 -73 -75 -8 -72 -84 -48 -35 5 -2 6 1 -46
-35 -54 -48 -9 -63 -51 -23 -95 -66 -36 -24 -27 -13 -20 -76 -43 1 -66 -57 -95 -55 -4 -44 -33 -59 -10 -37 -37 4 -3 9 -51 -56 -28 -44 10 -14 -72 -25 -42 -63 -98 -54 -5 -27 -76 -6 -74 -47 2
-56 -35 -11 -76 3 -49 -31 -75 -34 0 -58 -24 -66 1 -29 -81 -70 -91 -75 -79 -57 -15 -50 -100 -7 -5 -98 -47 -31 -39 -70 -40 -19 -63 8 -42 -57 -69 -76 -58 -73 -28 -38 3 -10 -84 -15 6 -7 -91
-64 -26 -70 -31 -68 -36 -4 -39 -21 -86 -73 -17 -81 -11 -82 4 -7 -78 6 -9 -97 0 -64 10 -55 7 -76 -28 -41 -6 9 -75 -11 -71 6 -53 -94 -47 -40 -71 -4 -100 -19 -66 -54 -73 -70 4 -63 -22
-6 -3 -94 -23 -33 -61 -34 -81 -69 -27 -50 -39 7 -35 -3 -88 -22 -26 -36 6 5 -1 -57 -6 -83 -5 -36 -3 -42 -71 -53 -8 -52 -45 -7 -26 -99 -76 -31 -31 3 -10 -28 3 -68 -88 2 -94 -30 -91
4 -36 -68 -92 -60 -30 -88 1 -96 -35 -36 -36 -52 -5 -84 -90 -35 -66 -64 -17 -37 -6 -43 -28 -60 -42 -94 -35 -24 -75 -41 -19 -92 -30 -17 -18 -16 -100 -5 -48 -98 -82 -61 -97 -16 0 -62 -51 -1 -69
7 -66 -6 -96 8 -28 -48 -15 -91 8 5 -58 -32 -1 -63 -81 -72 -58 -4 -94 -73 -44 -2 -64 -58 -18 -85 -60 -55 -34 -88 -47 -14 9 -14 7 -74 9 -33 -64 -72 -4 -24 -2 -40 -24 -60 -68 1 -7
-42 -56 -13 -38 -10 -26 -84 -44 -51 -86 5 -82 2 3 -42 -58 -77 -40 -40 -57 -4 -3 -17 -36 -26 -9 -98 -82 -93 -46 -76 -66 -96 -45 -61 -21 1 -65 -81 -93 -12 5 -31 -40 -10 -76 -61 -91 -57 -88
-19 -65 -64 -11 -24 -54 -82 -73 -74 -68 -77 -17 -42 -22 -97 -33 -10 -35 -77 -13 1 -27 3 -63 -14 -99 -91 -91 -38 -73 -54 -11 2 -4 -33 -13 -81 -79 -25 -41 -88 -33 -68 4 -18 -66 -24 -27 -32 8
10 -74 -31 -51 -7 -59 -6 -7 -43 -81 -75 -85 8 -49 -90 -41 -44 -72 -13 -63 -7 -76 -26 -80 -20 -53 -81 -2 9 -73 -59 -79 -36 -52 -44 -60 -71 -31 -75 -22 -84 -38 -11 -68 -18 -13 -71 -33 -1 -63
-36 -8 -1 -34 -19 1 -64 -42 -72 -9 8 -27 -64 -13 -19 -85 -65 -45 -67 -94 -77 -51 -11 -24 -33 -99 -64 -9 -37 -16 -59 -30 -52 -9 -59 -25 -89 -80 -59 -84 -62 -45 -12 -23 -52 6 -77 -81 -79 -22
-98 -93 2 -60 -54 -90 -93 -30 -82 -87 -53 -41 -21 -21 -21 -83 -44 -60 -4 -95 9 -32 -21 -87 -92 -98 -57 -47 -28 -86 -35 -82 -45 -33 -82 -67 -33 6 -6 -10 -63 -34 -83 -46 -64 -57 -52 -41 -26 -66
-64 -19 -52 -30 -37 -76 -58 -69 -51 -76 -34 -75 -23 -64 -37 -40 -75 9 -12 -37 2 -52 -4 -14 -5 -4 -14 -19 -71 -40 -10 -61 5 -88 -37 -39 -15 -67 -97 -1 6 -8 -18 -51 -16 -94 10 -33 -27 -54
-29 -21 -1 -7 -28 -31 -49 -92 -7 -34 3 -55 -11 -94 -8 -78 4 -46 -8 -71 -56 -28 -60 -24 0 -12 -32 -60 -64 -25 -50 1 -36 10 -59 -38 -58 -38 4 -21 -36 0 8 -80 4 -64 -24 8 -16 -3
-11 -70 7 -6 -1 -51 -63 -82 -8 -67 -56 -78 -19 -40 -81 -74 -33 -86 -20 3 -74 -35 -8 -92 -6 -11 -13 -88 -64 -58 -53 -54 -42 -3 -29 3 -21 3 1 -35 1 -60 8 -23 -9 -7 -74 -51 -52 -18
-53 -64 -48 -47 -59 -93 -37 7 -44 -82 -28 -62 9 -49 -62 -81 -60 0 -84 4 -89 -10 -24 1 -99 1 -5 -39 -91 -32 -53 -90 -28 -61 -69 -66 -76 -88 -92 -15 -24 -85 -87 -28 -3 -16 -97 -62 -32 -61
-77 -27 -51 -91 -67 -9 -43 -64 -35 -63 -33 -88 0 -56 -27 7 -57 -49 -8 -70 8 -57 -21 -80 -96 -20 -70 -94 -12 10 -11 -88 -4 -48 -40 9 -68 -34 -80 -35 9 -79 0 -60 -50 -32 -61 -100 -8 -30
-11 -88 -35 -59 -58 -41 4 -59 -9 -62 -66 -55 -82 -23 0 -98 -24 -53 -49 -8 -25 -60 0 -32 -28 -14 -100 -84 -33 -55 -79 0 -77 -24 -15 -56 -45 -57 -5 -62 -52 -96 -42 -70 -51 -28 -44 -9 -6 -52
-91 -31 -71 -31 -49 -77 -86 -39 -17 -93 -8 -34 -59 -35 -20 -76 -88 -33 -71 -62 -95 -65 -2 -2 -34 -60 -8 -12 -9 -51 -33 -65 -98 -58 -23 -1 -43 -16 -39 -72 -76 -14 -71 -97 -17 -18 -39 -72 -58 -68
-92 -20 9 -59 -22 -38 2 -43 -13 6 2 -62 -8 -23 -89 10 -33 -60 -35 -87 -10 -2 -4 -78 -14 -97 -75 -51 -96 -77 -41 -2 -17 -84 -53 -44 -92 -59 -65 -77 -58 -13 -44 -22 -48 -53 -29 -11 -82 -15
-51 -83 -39 -85 -56 -18 -47 -53 -81 3 -6 -16 -40 -59 -100 -44 -77 -91 -5 -94 -96 -76 -84 -92 -86 -47 8 -45 -85 -84 -49 -1 -61 -22 -35 -28 -91 -33 -55 -24 -5 -62 -28 -60 -73 7 -61 -14 -56 -81
-38 5 -64 -59 -31 -1 -30 -14 -34 4 -59 1 -92 -12 -23 -12 -32 -18 -33 -18 -32 -66 -18 -94 -80 5 -50 -75 -78 -8 -36 -84 -79 -14 -44 -11 -29 -80 -53 -89 -5 -60 -28 -69 -85 -56 -95 -23 -37 -66
-92 -98 -79 -1 -4 -99 -30 -76 -14 -43 -37 -82 -61 -9 -76 -86 -12 -67 -79 -18 -83 -43 -10 -14 -42 -21 -3 -10 -68 -20 -46 -75 -25 -100 -67 -97 -14 -13 -73 -67 -47 -51 -63 -27 -36 -56 -96 -50 -93 -44
-63 -83 -2 -65 -54 -10 -94 -83 -44 -13 -35 -21 -27 -63 -5 -33 -6 -19 -97 -53 -20 -42 -74 -98 -69 -14 4 -34 -73 -25 -37 -18 -40 -37 -86 -12 -85 -88 -27 10 -66 -74 -72 -37 -48 -71 -50 -7 -58 -30
-60 -55 -13 9 -6 -22 -27 -97 -74 -16 -99 -99 -64 -42 -38 -40 -36 -23 -35 -25 -94 -68 -21 -32 1 -32 -30 -72 -60 -81 7 -79 -21 -35 -25 -71 -82 -37 7 -63 -21 -23 -79 -77 -86 -22 -44 -2 -14 -5
1 -98 -25 -84 -52 -62 -44 -68 -82 -31 -12 -57 -16 3 -6 -96 -34 -21 -3 -20 -72 -90 -40 -38 -52 -89 -75 -35 -94 -100 -18 -37 -47 -68 -21 -76 1 -41 -53 -30 -83 -85 -40 -47 -52 -30 9 -23 -5 -60
-20 5 -66 -70 -52 -5 6 -53 -3 -12 0 -8 -46 -5 -43 -31 -3 -55 -64 -63 -33 -78 -56 -30 -58 -4 -59 -80 -27 3 -92 -74 8 -27 10 -40 -8 -9 -1 -24 -44 -54 -28 -10 -68 -64 -51 -82 -93 10
-28 -47 -56 -51 -87 -99 -30 -80 5 -3 -18 1 9 -59 -22 -1 -34 -32 -35 -97 2 -22 10 -93 -13 -50 -13 -6 -6 -22 -59 -90 -61 -26 -28 -28 -80 -31 -58 -100 -62 -63 -49 -60 -9 -48 -62 -98 -23 -33
-52 -36 -37 -77 -20 -83 -79 10 -64 -63 -9 -6 -36 -99 -54 -39 5 2 2 -72 -93 -47 -77 -48 -9 -62 -78 -94 -54 -3 4 -94 -86 2 -87 -1 -33 -79 -7 -55 -35 -74 -83 -63 -77 -97 -70 -36 -12 -26
-60 -22 -97 -28 -52 -92 -84 -7 -59 5 -97 3 -83 -94 -59 -93 -60 -56 -82 -16 4 -61 -72 -33 -82 -62 -38 -1 -100 -77 -79 -98 -72 2 -96 -45 10 -1 -31 -3 -13 -69 -28 -16 -5 -27 -59 -76 -67 -9
-80 -71 -88 -23 -67 -50 -94 -83 -86 -100 -3 3 -82 -85 6 -42 -16 -40 -30 -22 -20 -65 -21 -33 -97 -56 -90 -92 -97 -64 -70 -26 -45 -38 -21 -28 -45 -24 -83 -79 -32 -97 -76 -58 -5 -25 9 -92 -8 -82
-51 -62 -94 -47 -81 -4 -85 -42 -16 -1 -98 -8 -67 -70 -22 -54 -7 -92 -40 -1 -91 -8 7 -71 -85 -73 7 -84 -95 -39 -57 -60 -56 -54 -44 -65 -91 -5 -25 -85 -79 -23 -73 10 -51 -9 -94 -89 0 -96
-55 -43 -78 -34 -39 -2 -21 -72 -51 -34 -78 -86 -84 -76 -67 -84 -60 -53 9 -23 -67 -79 -66 -13 5 -93 8 -82 -3 8 6 -7 -38 -58 -11 -31 -38 -38 -45 -92 -32 -65 -14 -43 4 -49 -53 -71 -33 -88
7 -23 -7 -38 -8 -38 -8 -5 -65 -69 1 3 -8 -20 -67 -73 -50 -48 -47 -48 -64 -54 2 7 -19 -88 -50 -62 -41 -36 -43 -19 -10 6 -85 -31 -8 -100 -24 -81 -5 -61 -43 -45 -51 -61 -22 4 -71 -75
-21 -47 -45 -33 -15 -52 -9 -1 -45 -46 -84 -60 -69 -42 -65 -94 -93 -41 -88 -63 -6 -56 -18 -9 -34 5 -27 10 -2 -25 -86 2 -23 -44 -43 -78 6 -20 -9 -14 -83 -67 -5 -63 -75 -51 -60 -92 0 -87
5 -41 -62 -61 -32 -19 -56 -62 -7 -17 7 -13 -15 -91 -85 -24 -55 -80 -3 -55 -84 -16 7 -86 5 -41 -31 0 -13 -10 -57 -36 -21 -14 -76 -29 -95 -75 -20 -50 -59 -65 -39 -59 -83 -42 -88 -3 -56 -76
-53 -27 -58 -18 -92 -34 -63 -66 -24 -15 -49 -70 -60 -73 -62 8 -33 -15 2 -84 -25 5 7 -24 -55 -74 -83 -22 -38 -14 3 -32 -79 -46 -86 -44 -35 -48 -51 3 -36 -79 -43 -77 10 -52 -81 -23 -86 -9
-86 -25 -4 -8 -72 -18 -91 -58 -99 -45 -24 -50 -94 -78 -2 4 -40 -34 -35 -100 -67 -74 -99 -15 -79 -91 -65 -95 -68 -82 7 -89 -26 -48 -30 -86 -49 -59 -76 -59 -22 -89 -20 -84 3 4 5 -5 -4 -71
-99 -52 -77 -43 -71 -10 -5 -38 -17 1 -89 -50 -54 -65 1 -78 -29 -71 -20 -13 -12 -63 -12 -98 -53 -75 -59 -86 -34 -9 -28 -68 -65 -52 -65 -54 -35 -93 -34 -74 -38 -56 -38 -83 -11 -29 -7 -17 10 -56
-10 -85 -5 5 -94 3 -51 -77 -18 2 -11 -17 -64 -4 -98 -29 -82 7 8 -9 -26 -21 -45 -97 -97 -84 -19 -35 -75 -23 -47 -56 -2 -95 -70 -72 -23 -96 -8 -88 -49 -62 -3 -94 -2 -81 -38 -69 -11 -25
-63 -100 -96 -7 -42 -71 -49 -22 -79 -72 -29 -84 -41 -74 -71 -13 -70 -22 -61 -30 -17 -57 -9 -12 -16 -74 -7 -86 -86 -18 -63 -35 -70 -39 -42 -68 -88 4 -31 -41 -60 -13 -48 -23 -93 -49 -14 -28 -3 -83
50 50
-90 -17 -57 -78 -84 -40 -8 -33 -73 -16 -90 -11 -17 -48 -34 -12 6 -66 -12 -95 -51 10 -82 -10 -100 -10 -85 -40 -66 -42 -16 -53 -5 -75 -63 -33 -80 -41 -84 -37 -22 -91 -95 -34 -27 -44 -87 -39 -85 -21
-4 -81 -61 -81 -9 -9 -54 -13 9 -82 -98 -69 6 -5 -61 -18 -98 4 -59 -54 -71 -11 -26 -9 -3 4 -84 6 -67 4 -99 -38 -65 -66 -11 -95 -79 -35 -12 -3 -58 2 2 -54 1 -44 -92 -3 3 -31
-70 10 -65 -19 -92 -42 3 2 -18 -57 -64 -92 -82 5 -61 -30 -71 4 -23 -37 -95 6 -93 -31 1 -4 -53 -57 -6 -81 -34 -31 -58 -59 -63 -97 -19 9 -68 -5 -1 -93 -34 -65 -80 -50 -28 -4 -62 -52
4 -11 -54 -63 -43 5 -19 -32 -26 -24 -58 -98 8 -46 -77 -84 -83 -62 8 1 -98 -15 -66 -32 -38 7 -52 -30 -91 -16 -14 -62 -86 -78 -62 -100 -66 -88 -77 -48 -47 -65 -21 0 -47 -100 -46 0 -16 -33
-45 -16 -90 -81 -2 -94 -58 -93 0 -11 -72 -48 6 -41 -11 -28 -56 -9 -45 -75 -82 -96 -66 -81 -14 -60 -62 -24 -72 -73 -48 -37 -82 -54 -32 -6 -76 -4 -3 -1 -22 -65 -3 -55 -31 -46 -12 -44 -12 -10
-46 -35 -8 -17 -26 -29 -24 -34 -97 -11 -90 -50 -50 -44 -74 -85 -81 -23 -63 -40 -84 -42 3 -56 -71 -78 2 -75 -97 -56 2 9 -59 -49 -13 -76 -39 -94 2 -2 -37 -75 -92 0 -17 -44 -37 -88 -98 -79
-23 -55 -97 -64 -92 -12 -53 -85 -52 -67 -10 -35 -2 -42 -34 -94 -33 -13 -72 -13 -69 -32 -53 -49 -6 -92 10 -73 -79 -41 -59 7 -19 -28 -60 -79 -60 -98 -86 -14 -43 -42 -50 -96 -23 -6 -53 -38 -43 6
-50 -11 6 -95 -93 -31 -51 -94 -23 -6 -14 -37 -64 3 -7 -8 -45 -99 -42 -43 -1 -52 -6 -19 -37 -13 -99 -24 -2 -26 -74 -78 -7 -17 -82 -15 -72 -77 -12 -68 -80 -63 -40 10 -58 -31 -86 9 -7 -22
-62 -78 -63 -23 -62 -67 -84 -14 -27 -86 -27 -65 -96 7 -25 -57 10 -33 -46 -71 1 -20 -80 -86 -10 -1 -35 -96 -4 -55 4 -90 -16 -42 -56 -10 -12 -10 -11 -89 -28 -27 -25 -23 -65 -97 -75 -45 -85 -87
-16 -92 -11 -40 -3 -78 -78 10 -35 -86 -29 -34 -36 -84 -96 9 -19 -6 -25 -25 -90 -100 -12 2 -46 -70 -34 -77 -58 -63 -49 -91 -81 2 -84 -98 -32 9 -86 -68 -44 -21 9 -69 -7 -84 -64 -14 -24 -91
-82 -92 2 -34 -48 -78 -16 -33 -24 -55 -92 -97 -94 -100 -97 -86 -99 -22 8 -51 -27 -61 -9 8 -10 -5 -54 -82 -21 -77 -55 -64 0 6 -53 -90 -89 -89 -47 -17 -36 -44 -89 7 10 -47 -76 -53 -38 -15
-59 -23 -72 -35 -33 1 -95 -50 -13 -66 -42 -39 -92 -22 9 -6 -76 -15 -13 -56 -96 -79 10 -58 -48 -87 -62 -16 4 -40 -35 -17 -41 -60 -50 -77 -11 -22 -73 -66 -23 9 -61 -32 -96 -64 -39 -25 -53 -54
4 -95 -72 -6 -23 -11 -42 -55 -11 -12 -86 -88 -5 -90 -88 10 -32 -98 -52 8 -61 -79 -66 -40 -63 -14 -7 -52 -31 -57 -59 -99 -7 -40 -98 -71 0 -43 -56 -19 -9 -95 -60 -27 -16 4 -53 -26 10 -37
-84 -88 -13 6 -64 -71 -67 -53 -69 -41 -74 -25 -84 -27 -5 -85 8 -94 -87 -94 -52 -64 -47 -65 -50 -80 -95 2 -18 -49 -50 -12 -15 -30 -28 -64 7 -46 -2 -80 -2 -13 -51 -82 4 -54 -99 -12 -15 -55
10 -94 1 -74 -76 -66 -32 -45 -13 -98 -14 -76 -8 -77 -73 -52 -85 -24 -90 -7 -44 -99 -84 -91 -26 -71 -90 -50 -48 -25 -64 -77 -94 6 -35 3 -52 -37 -17 -89 -84 -84 8 -60 -81 -9 -84 8 -24 -18
-59 -61 -93 -68 -56 -58 -91 -88 -42 -91 -20 -29 -67 -53 -71 -47 -54 -35 -9 -82 -16 -82 7 -22 -15 5 -95 -67 -62 7 -18 -60 -60 -91 0 -39 -76 -50 -56 -89 -34 -81 -26 -100 -74 -42 -24 -81 -91 -51
-37 -53 -36 9 -42 -16 -56 -20 -52 -82 -32 -21 -10 -36 -33 -5 -47 -32 -95 -23 -76 -36 -39 -61 -38 -96 -2 -16 -75 -93 -43 -46 -6 -15 -80 -52 9 -6 -63 -15 -25 -21 -70 -64 0 -46 -62 -15 -33 -57
-70 -64 -37 -56 -58 -61 -100 -36 -66 -34 -84 -94 -74 -90 -52 -68 -16 -34 -21 2 -97 -66 -2 -97 -68 -54 -80 -69 -76 -88 -44 -34 -41 -31 -98 -12 -26 -30 -8 -50 -42 9 -10 -3 -46 -15 -78 -81 -100 0
-19 -77 -14 -81 -65 -68 -81 -13 -65 -23 2 -7 -87 -59 -87 -3 -57 7 -89 -93 -23 -65 -49 -89 -14 -78 -64 -58 -28 -83 2 -45 -26 -10 -80 -51 -99 -42 -80 -78 -36 -31 -88 -57 0 -3 -67 -42 -2 -97
-18 -84 -65 -57 -99 -51 -89 -93 -95 -15 -4 -59 -51 -42 9 -53 -18 -26 -53 -30 1 -61 -25 -61 3 -20 -79 7 -29 -65 -92 -31 -97 -16 0 -55 -32 -80 -52 -93 -15 -100 -29 -94 -74 -92 -28 -46 -47 9
-76 -3 -26 -19 -55 -58 -13 7 -2 -6 -75 -16 -81 -53 -38 -43 -26 -22 -50 -9 -65 -97 -43 10 -53 -97 -44 -82 -71 -12 -18 -29 -87 -6 -91 -18 -84 -37 -8 -24 10 -56 -31 -79 -64 -68 -95 -82 -42 -8
-12 -51 -5 -40 -92 -86 -16 -14 -24 -78 -72 -73 -35 -30 -25 -82 -78 -73 -61 -15 0 -13 -88 -20 -90 -13 -75 -98 -55 3 -98 -60 -40 0 -19 2 -11 -55 4 -27 -19 -65 -91 -25 -25 -75 -86 -89 6 -19
-32 -42 -4 -50 -60 -57 -21 -21 -7 1 -84 -31 -6 -40 -46 -30 -80 -83 -54 -42 -87 -13 -69 -92 -95 -44 -21 -95 -88 -33 -70 2 -3 -48 -28 -45 -18 -33 -74 -29 -49 -86 -35 -54 -55 -6 -66 -35 5 -3
-62 -52 -22 -25 -84 -74 -97 -56 -46 7 -90 -86 -41 -100 -69 -61 -55 -52 -82 -10 9 -29 -30 -56 -76 -45 4 -90 -92 -71 -41 -96 -24 -34 -54 -67 -55 -71 -16 -7 -36 -51 -96 -14 -53 -89 -45 10 -51 -91
-29 -48 8 -26 -39 -71 -21 -57 -77 -43 -87 -100 9 -27 -93 -12 -63 -91 -37 -45 -6 -59 -9 -35 -74 -44 0 -15 -60 -58 -22 -65 -8 -15 -47 -96 -90 9 -98 -83 -93 -98 -34 9 -2 -23 -75 3 -3 -87
-59 -82 -48 -88 -29 -53 -10 -52 9 -49 -2 -34 -10 5 -28 -41 -9 -48 -83 -10 8 -25 10 -67 -79 -57 -71 -88 -59 -54 -52 -73 -68 -91 -57 -20 -63 -41 -16 -79 -79 -23 -47 -35 -34 -5 -98 -22 -86 -61
-98 -65 -32 -19 -7 -71 -77 -13 -46 -33 -81 -83 -72 -81 -18 9 -97 -33 -40 -80 -100 -70 -23 -84 -34 -6 -4 7 0 3 2 -81 -41 -63 -16 4 -85 -71 -41 -18 -53 -60 -42 -32 -71 -96 -4 -33 -76 -6
-93 -50 4 -86 -74 10 -48 2 10 -14 -46 7 -49 -14 -31 -55 -82 1 4 -85 -75 -92 -54 -1 -93 9 -10 -59 -86 -32 -64 -44 -82 -11 -2 -34 -19 -71 -22 -73 -91 -85 -89 -55 -33 -61 -44 -31 -23 -67
-14 10 -57 -82 -9 -35 -46 -74 -8 -98 6 6 -40 -22 -72 -58 -76 -48 -11 -21 -50 -86 -32 -73 -55 -55 9 -60 -55 -8 -22 5 -14 3 -66 -97 -67 -45 -94 -69 -11 2 -26 10 -32 -34 -11 -67 -35 -11
-63 -68 -100 -70 1 6 -82 -42 6 -43 -14 -94 5 0 -49 -37 -96 -22 -20 -98 -71 -50 -12 -52 -58 6 -32 -92 -36 -13 -79 -7 -74 -12 -65 -64 -31 -96 -19 -23 -60 -39 -17 7 8 -64 -33 -98 -17 -67
-64 -67 3 -61 -79 -1 -83 -73 -6 -69 -71 -38 -15 -19 -99 -11 -24 -63 -20 -20 5 -46 -67 -70 -81 -26 -83 -30 -28 -73 -8 -31 -91 -48 -61 -79 -68 -33 -95 -44 1 -86 6 -99 -18 -100 3 -85 -95 -52
-14 -49 -42 -16 2 -35 5 -65 3 -19 -9 7 -5 -52 6 7 -15 -96 9 -86 -2 -44 -66 -100 -68 -18 -84 -96 -39 -39 -30 -28 -94 -46 -89 -10 -41 -17 -88 5 -41 -20 -9 -30 -8 -12 -77 8 -7 -64
-1 -66 -5 -20 -57 0 -36 -11 -46 -99 5 -47 -51 -82 -32 -55 -61 -17 -90 -73 -54 -63 -74 -3 -27 -26 -83 -90 -23 -61 -57 -94 -37 -22 4 -59 -16 -69 -34 -24 -83 -21 -6 -38 -99 -24 -89 -50 -93 3
-64 -86 -92 -98 -98 -66 -54 -31 -39 -9 -69 -21 -100 -72 -39 -87 -31 -83 -64 -85 -88 10 -83 -48 -95 -65 -11 2 -40 -60 -75 -8 -45 6 -80 -22 -8 0 -21 -21 -83 -96 -5 5 -78 -3 -91 -4 1 -97
10 -49 -56 -64 2 -30 -65 4 -70 -88 -83 5 -53 -80 -13 -69 -21 -4 -26 0 -80 -18 1 -49 -3 -86 -79 -39 -46 -61 -19 -86 -20 -40 7 -12 -61 -67 -37 -84 -26 -74 -45 -59 -98 -93 -60 8 -38 -96
-64 -23 -23 -3 -79 -34 -100 -12 -39 -56 -30 -67 -79 -38 -2 -70 -77 -48 -89 -93 -42 -15 -42 -67 -86 -46 -73 -55 -95 -54 -31 -86 -28 -41 -25 -57 7 1 -53 -2 6 -15 -3 -21 -86 -92 -42 -74 9 -5
-79 -100 -60 -60 -90 -61 -36 -3 -30 -2 -96 -92 -75 -72 -65 -61 -73 -78 -73 -25 7 -25 -72 -98 -52 -8 -14 -60 -46 -58 -79 -13 -88 -10 -45 -19 -54 -46 -82 -8 -54 -33 -28 -58 -5 -5 -39 -81 -22 -71
-26 -44 -41 -18 -90 -51 7 -81 1 -72 1 -63 -6 -8 3 5 -52 -84 -67 -80 -26 -90 -29 -76 -40 -71 -49 -3 -3 -99 -48 2 -65 -78 8 -48 -59 -8 -91 -13 -76 -15 -15 -54 -32 -58 -79 -6 -4 -5
-22 -79 -22 -87 -96 -5 -24 -72 -23 6 4 -24 -81 -15 -31 -70 10 -53 -81 -77 -44 -19 -5 -67 -68 6 -30 -72 -49 -31 -18 -12 -33 -77 -73 -23 -98 -88 -84 -86 -29 -36 -65 -97 2 -84 -72 -11 -27 3
-18 -41 -92 -48 -98 4 2 -9 -71 -91 2 -68 -29 -71 -61 -93 6 0 -26 -83 -96 -6 -70 -6 -52 -23 -10 -35 -21 -98 -97 -86 -85 -21 -87 -22 -40 8 -88 -10 -86 -88 -41 -10 -17 -96 -23 -60 -87 -85
-96 7 -97 -68 -91 -50 -62 -13 -10 -25 -27 -10 -87 -20 -29 -94 -37 -48 -75 -24 -86 -29 -66 -92 -17 -48 -38 -62 -55 -8 -32 -23 -26 -35 -78 -59 -28 -19 -46 -85 -28 -72 -76 -30 -31 -81 -42 -58 -24 -92
-17 -84 -54 -6 -42 -67 4 -90 3 9 -36 0 -23 -85 -75 -5 -90 -76 -19 -92 -43 -61 -3 -82 -36 -5 -60 -94 -71 -19 -40 -57 -74 -1 -83 7 -71 -16 -33 -79 6 4 -91 -36 -5 -86 -20 0 -69 -34
-68 -75 -77 -12 -27 -8 -27 -17 -98 -65 -34 -13 -54 -13 -93 -12 -47 -37 -74 -58 -36 -56 -100 -69 -5 -3 -27 -30 3 -27 -62 -2 -88 -47 5 -46 -89 -81 -15 -34 -65 5 2 -86 6 0 -9 -99 -13 -1
-5 -55 -29 -79 0 -41 -43 -35 -31 -61 -44 -50 0 -91 -59 -80 -17 -86 -11 -62 -18 -10 -94 -48 -14 -26 -35 -74 -22 -91 -96 -42 4 -94 -46 -58 -8 -81 -50 -75 -49 -71 7 -94 -16 -56 -7 -63 -100 8
-75 -81 -11 -68 -65 -5 -21 -95 -7 -28 -82 -46 -91 -87 -56 -3 -26 -51 -80 -43 -56 -70 -76 -3 -57 -18 -60 -49 -8 -94 -94 -31 -4 -51 -87 -55 -88 -74 -73 -77 -44 -58 -75 -12 -66 -72 -48 7 -55 -3
-100 -63 -14 -11 -74 -1 -24 -68 -98 -62 -65 2 -14 -38 -33 -97 -11 -49 -32 -12 -81 -80 -74 -48 -64 -27 4 -36 -38 -48 -58 -9 -34 -92 -73 0 -64 -73 -75 -95 -2 -85 -74 -3 -37 -63 -53 -12 -6 -54
-1 -96 4 -40 -61 -75 -82 -29 -42 -19 -62 10 -75 -83 -27 -27 -37 -11 -78 1 -97 -79 -98 -39 -88 -96 -59 -95 -59 -30 -5 -69 -75 -92 -49 -50 -2 -10 -27 -66 -53 -11 10 -37 -5 -80 6 -25 -30 -69
-30 -99 -14 -26 -20 -58 -92 -68 -72 -24 -40 -8 -19 -99 -58 -74 -3 -48 -81 -20 -41 1 -14 -72 -25 -98 -55 -46 -42 -5 -22 -27 -22 -29 -80 -6 -41 -77 -53 -75 -7 -48 -28 -1 -92 -51 -71 -42 -79 -14
10 -48 -34 -23 -78 -17 -38 -68 0 -20 -14 -8 7 -32 -92 -82 -18 -74 -44 1 -79 -9 -45 -12 -77 -42 -89 -53 -42 5 8 -50 -67 -56 9 -58 -11 -67 -65 -59 -53 -16 -51 10 -36 -66 -81 -44 -4 -63
-45 -84 6 -19 -95 -64 0 -42 -32 3 -98 10 -47 -82 -58 5 -3 4 -91 -84 9 -92 -75 -46 1 9 -49 -49 -31 -70 -100 -77 -6 -98 -66 -97 -8 -44 -44 -23 -74 -97 -78 -81 -23 -70 -9 -85 -98 -64
